0.179576 -0.112893 1.13084 -1.2567 1.61819 2.05245
-0.224621 0.186222 0.725759 0.42174 -0.147172 1.93215
0.314884 -0.0176763 0.750517 0.728545 0.457689 4.23974
-0.433802 0.0572125 0.570966 1.02922 -1.56459 2.4042
-0.343064 -0.107639 0.58403 -1.36135 1.85378 2.72658
0.0432742 0.24293 0.867998 -0.184071 0.379935 4.33312
-0.212885 0.349824 0.853656 0.751537 -0.0916901 7.09321
-0.220185 0.284865 0.777883 1.30115 1.00387 6.27531
-0.0260857 0.331076 0.514363 0.231071 -1.48656 6.06826
-0.395559 -0.14928 1.17104 -2.21635 -0.453003 6.66298
0.274952 0.348162 0.648013 -0.356506 -1.24549 10.8439
-0.0368553 0.179812 0.758851 -2.40531 -0.214116 10.9699
0.29777 0.317085 0.80872 0.344828 -1.23175 12.0414
0.103393 -0.145232 0.969823 0.864096 -0.636978 10.6793
-0.262499 -0.162246 1.1176 0.0448006 -1.02247 14.4432
0.0778979 0.0408201 1.22698 0.946055 -0.695764 15.1662
0.0979478 0.22174 0.787549 -1.93595 -0.554114 16.2442
-0.337285 0.304673 1.23951 -1.12685 0.0488154 17.0038
0.176179 -0.206116 0.985507 -2.00286 -0.758336 15.5992
-0.0084745 -0.210901 0.649586 0.6663 -1.89993 16.935
-0.0543174 -0.330021 0.586757 0.728426 1.32977 19.2151
0.14515 -0.122945 1.05849 -2.13721 -1.46209 18.5588
-0.330483 -0.234355 0.980701 0.0552316 -2.16672 20.9258
-0.393565 0.165601 0.647742 -1.08559 -2.48896 22.7141
0.185799 -0.237614 0.667709 0.645341 -0.102487 22.771
-0.381744 0.176058 1.04547 -2.96788 -0.679632 21.3139
-0.0848976 -0.268772 0.591135 -0.312517 -0.499692 24.9882
0.349089 -0.301711 0.583771 -2.88388 0.738899 23.469
0.245546 -0.38145 1.34343 0.255647 -2.82897 23.8862
-0.319906 -0.280294 1.02288 -0.208259 0.781894 26.1115
0.012563 0.0150886 0.838836 -3.13946 -0.147562 27.3066
-0.20509 0.177532 0.983036 -0.0760949 -0.617531 30.4236
-0.418475 0.07298 1.16652 0.0681462 0.377391 30.4141
0.335939 0.236555 1.27408 0.253413 0.629627 31.3736
-0.316748 -0.0301275 1.11276 -3.42091 0.544025 32.6976
0.0635008 -0.226156 1.09926 -2.50151 -0.23388 31.2736
-0.387529 -0.238284 0.842192 -1.2113 -2.16516 33.8686
-0.230795 0.348946 0.992449 -3.41754 -0.210946 34.5046
0.296337 0.0321679 0.987947 -0.539042 -1.78448 35.1347
-0.188014 -0.462083 1.00415 -3.05818 0.138423 36.7814
-0.0818153 -0.0689728 1.18137 -3.33089 -0.401531 36.6483
-0.134654 -0.42248 1.14047 -1.57639 -0.609304 39.2554
0.0232707 -0.296392 0.909833 -2.87747 -0.426223 40.0123
0.271583 -0.282135 1.22725 -3.22705 -0.780529 41.2776
-0.265427 -0.363651 1.04851 -3.95498 -0.68231 43.0706
-0.00843559 -0.144637 0.710941 -3.24462 -0.794504 42.9558
-0.201772 -0.198066 1.2306 -4.4509 0.447953 42.352
-0.32011 -0.168166 1.26679 -0.860158 0.311698 44.3439
-0.367216 0.122225 1.21282 -1.50293 -2.02455 46.3419
0.227669 0.299147 1.35365 -2.46971 -0.419133 45.4122
0.260681 0.287885 0.832551 -2.42411 -1.63724 49.0887
0.219783 -0.215583 0.716015 -1.40502 -1.80988 48.5482
-0.326205 -0.200249 0.974222 -4.31511 -0.787419 50.2927
0.203908 -0.0374546 1.06422 -4.05007 -3.01618 51.4347
-0.353937 -0.340722 0.97954 -1.27488 -2.46751 50.9603
0.206081 0.0654244 1.30335 -3.72595 -1.81469 53.7675
0.0227653 0.0960079 0.885432 -4.84 -3.22513 52.5006
-0.170456 0.0894189 0.649339 -4.82693 -2.53286 53.5811
0.00956524 0.319507 0.905602 -2.2017 -1.2515 54.4536
0.244318 -0.301536 0.948551 -4.47955 -1.84298 56.8531
0.203359 -0.0834285 1.00817 -4.06746 -2.96092 56.8901
0.320396 0.0923893 1.14498 -4.89469 -0.366519 57.627
0.154307 -0.414872 0.88003 -5.05264 -2.80125 60.3229
-0.42855 0.154656 1.23336 -2.74755 -0.0522415 59.9627
0.229554 -0.0443128 0.693626 -4.1102 -3.6233 59.467
0.185676 0.0980759 0.75648 -5.48969 -3.84313 60.5331
0.0810102 0.195745 0.876632 -3.41748 -3.60166 62.687
0.00813121 -0.0100656 0.961318 -2.28905 -2.89495 63.2629
0.0191213 -0.297403 0.863938 -3.52782 -1.66965 64.8009
-0.409554 0.235365 0.655785 -5.29963 -0.478919 63.962
0.193019 -0.247181 0.840297 -2.53351 -2.77264 65.5849
0.0594998 0.222514 0.718321 -3.00141 -3.20094 65.4098
-0.219027 0.241339 0.929501 -3.73022 -3.46629 66.9773
0.160948 0.11474 0.504446 -4.64011 -3.4819 69.7877
-0.283368 -0.0773281 0.656826 -5.69412 -2.17646 69.2572
-0.164742 -0.409968 0.838068 -3.43231 -3.10785 70.0367
-0.0217219 0.0938122 0.584736 -3.20637 -1.61144 72.9628
0.0473462 -0.17714 0.911259 -3.13923 -2.25025 70.0614
-0.0505231 0.086514 0.825317 -3.70474 -2.96111 72.3707
-0.341832 0.118999 0.954257 -3.90145 -4.17874 71.6122
0.0950899 0.0686257 0.444833 -6.68665 -4.45502 74.4467
0.0580585 -0.221498 0.520271 -5.41031 -3.76564 76.2817
0.060859 0.26753 0.789842 -6.09245 -0.985903 74.7603
0.208792 -0.0279302 0.356551 -6.12744 -0.93997 76.8409
0.249351 0.136038 0.527437 -3.20774 -1.62963 76.9397
-0.00700566 0.309988 0.380485 -4.77557 -2.63911 79.0778
0.19811 0.210411 0.932553 -3.05784 -2.01725 78.3033
0.245754 -0.170018 0.917981 -4.05544 -2.12462 78.8512
-0.230841 0.209787 0.775227 -6.46598 -2.81958 79.467
0.272446 0.264701 0.779162 -4.71185 -3.07928 80.25
0.00726021 0.0888882 0.608259 -7.05151 -2.44071 78.7164
0.241175 -0.00870146 0.672238 -5.24903 -4.32943 80.6948
0.224541 -0.382905 0.509109 -5.42672 -2.2511 80.674
-0.216057 -0.0898987 0.202666 -4.3785 -4.75226 81.25
0.0782098 0.232583 0.533127 -3.25617 -2.93041 81.884
0.141972 -0.360035 0.105909 -6.32832 -3.9689 82.945
0.234277 0.320112 0.556715 -3.76119 -3.12375 82.8599
0.377192 0.341382 0.80821 -4.95865 -3.56147 84.5226
0.435916 -0.034126 0.206069 -3.16045 -1.37465 83.75
0.31909 -0.0478178 0.175092 -5.90431 -1.30704 85.3792
-0.0171714 0.354607 0.6246 -4.59951 -2.69922 84.3382
0.118728 -0.266669 0.487243 -3.01485 -2.34633 84.5586
0.454092 0.0665437 0.152063 -5.72318 -3.48633 83.9408
0.324092 0.0594655 0.469236 -4.09285 -4.75979 86.2391
-0.178616 -0.217512 0.397174 -2.43532 -4.97056 85.5754
0.535981 0.205042 0.407011 -4.11194 -4.32609 88.259
0.358693 0.223597 0.276397 -4.48482 -4.40959 88.6748
0.582859 -0.124379 0.589243 -4.30112 -3.14492 88.0862
0.570216 -0.317355 0.606762 -1.41723 -2.18869 87.8378
0.0313223 -0.185399 -0.00376702 -4.11284 -2.57008 86.4059
0.667206 -0.227834 -0.0725746 -4.02818 -4.44116 85.8756
0.657711 0.110147 0.157508 -3.90037 -2.63624 86.4115
0.284232 -0.0132442 0.0948569 -0.198078 -4.12727 87.3607
-0.0356439 -0.260467 0.208432 -0.497529 -1.86096 88.0709
-0.0259938 0.387521 0.0436564 -0.518414 -4.32364 88.5962
0.665986 -0.148511 0.29938 -2.6104 -3.7721 89.2284
0.520019 0.234436 0.319721 -1.19826 -1.52951 89.4757
0.624836 -0.165852 0.293983 -1.85893 -2.78602 87.5963
0.170094 -0.280308 -0.228317 -1.4657 -2.80012 87.4752
0.0190707 0.346152 0.404323 -0.295779 -3.29063 90.7241
0.442214 -0.283269 0.171489 2.75516 -1.92297 89.0304
0.56721 0.0449771 0.106748 1.96892 -4.14931 88.1115
0.743541 -0.402797 0.0971302 1.92342 -4.39925 88.6674
0.551756 -0.166368 -0.0268617 1.31683 -3.46086 89.91
0.193626 -0.131662 0.205149 3.39705 -4.19974 90.4089
0.708941 0.275177 -0.340168 3.7616 -3.9472 89.8221
0.247176 0.264501 0.0746941 3.5943 -4.95407 88.4971
0.490184 0.0664387 0.36022 4.94912 -1.43387 90.8059
0.108775 -0.13442 -0.0893624 4.42479 -5.27178 87.6516
0.742807 0.147029 -0.138342 3.27549 -3.44178 89.613
0.836293 -0.0290013 -0.227303 4.43948 -4.98994 87.7769
0.18881 0.0718779 0.186774 4.63895 -1.87481 91.4673
0.752055 0.187778 -0.00199212 7.45047 -3.04829 87.6662
0.222881 0.321031 0.211452 5.4563 -1.59403 90.8053
0.811506 -0.223744 -0.163283 6.72294 -2.40805 88.0517
0.792554 0.335833 -0.245039 9.57905 -1.48488 88.0745
0.568166 0.137077 -0.112948 8.09684 -2.81009 89.4393
0.28433 -0.312103 0.0865837 10.0597 -4.89446 89.2199
0.70551 0.286539 -0.299633 10.1753 -2.78699 88.5602
0.869364 0.337222 -0.147245 10.7743 -5.32459 88.2078
0.63591 -0.248297 -0.0786501 11.1234 -4.26221 88.3621
0.387228 0.103408 -0.396922 13.1956 -5.17488 89.568
1.03546 0.12955 0.235856 10.9706 -5.27911 91.1961
1.0654 -0.278026 0.03305 13.8898 -3.99756 88.1768
0.770471 0.139768 0.124438 14.5546 -2.28034 89.3789
0.990045 -0.247881 0.361161 13.3926 -4.06776 89.2731
0.968902 -0.116233 0.275317 17.0995 -2.22431 91.542
0.799781 0.0837121 0.209675 16.8758 -3.63624 90.342
0.998936 -0.400289 0.177713 15.9305 -5.11372 90.2824
1.0772 0.195192 -0.197432 18.8233 -4.96035 90.8707
1.1142 -0.34608 -0.100248 18.0413 -3.80789 88.3877
0.934344 -0.201444 -0.185681 19.7959 -4.87096 91.8214
0.527435 0.318296 0.27217 21.16 -3.54538 89.2612
0.956737 -0.252511 0.348361 22.6515 -2.49798 90.6498
0.890206 -0.418679 0.268921 23.315 -2.81458 90.653
1.12098 -0.377744 -0.127569 22.4734 -5.19284 88.9186
0.935178 -0.136954 0.000484109 25.3293 -4.64586 88.6764
1.05975 -0.359834 0.12966 24.1338 -4.39678 91.3162
0.891486 -0.221917 -0.036929 25.2072 -2.42536 88.6379
0.778951 0.100757 0.351515 25.1865 -4.90094 90.2981
0.652225 0.0220088 -0.156853 27.0207 -3.11227 88.9621
1.09692 -0.285253 0.0300926 26.6482 -4.97659 89.0328
0.642881 0.28053 -0.359588 29.4719 -3.58741 91.7719
1.17941 -0.402556 -0.22902 30.9785 -5.77585 91.6682
0.835772 0.358649 -0.213325 31.6545 -4.40108 91.2605
0.725934 0.134984 0.327559 29.7608 -2.94702 89.3766
0.678957 -0.174491 0.140419 32.5047 -4.50357 90.7342
0.830362 -0.066213 0.167913 31.5072 -5.29206 88.6217
0.581068 -0.0788471 0.142876 32.93 -5.5243 91.1988
0.666386 -0.0884598 -0.0126186 35.5616 -6.05323 88.7643
0.803159 0.359678 0.27042 34.5474 -5.7396 89.6667
0.925239 0.252714 -0.0883976 34.4506 -4.94528 91.6347
0.854804 -0.346633 -0.106256 38.14 -6.08288 92.3133
0.61775 0.213636 -0.32834 37.5602 -4.7255 89.9694
1.12575 0.347144 0.132887 36.4019 -6.49512 88.6777
0.382684 0.289699 0.246346 37.8199 -5.87187 89.9282
0.40205 0.070146 0.147352 39.5233 -4.99924 90.0223
0.785791 0.239558 -0.00306849 41.109 -3.45111 88.9007
0.707111 0.341851 -0.431802 42.8691 -5.25927 89.5409
1.03822 -0.346955 0.240891 43.5488 -5.95467 91.4127
0.968331 -0.353095 0.248742 40.5937 -4.71138 91.6897
0.801814 -0.193684 -0.341522 41.4206 -3.7753 88.7715
0.982453 -0.142697 0.0878879 44.6605 -4.58217 88.775
0.781945 0.0771007 0.278237 46.6154 -6.78099 89.278
0.333238 0.318539 -0.195288 44.4492 -3.63296 88.5187
0.5424 0.162138 -0.332837 47.4808 -4.06629 87.4064
0.36115 0.287162 -0.462715 48.2441 -6.28768 89.8633
0.422087 0.273702 0.0785655 48.4585 -6.28213 89.4354
0.544485 -0.333081 -0.272878 47.5713 -4.74321 90.6364
0.471815 0.303912 0.245011 47.0396 -6.2535 90.9772
0.876596 -0.134944 -0.228116 49.2935 -5.50465 89.6384
0.536468 -0.125251 0.00809258 49.9668 -6.92942 89.8975
0.543385 0.126385 0.104626 50.5951 -6.06432 90.7116
0.753525 -0.0549867 0.19742 49.7528 -5.75577 87.855
0.317532 -0.281617 0.153445 50.6101 -6.53125 87.2898
0.739642 -0.119199 -0.165865 50.0366 -7.05847 87.7746
0.526046 -0.00439224 0.275824 52.1308 -6.24139 88.3236
0.288578 0.246939 0.433014 52.3715 -4.21044 89.1196
0.848764 -0.0588254 -0.184225 52.0255 -4.6375 91.1156
0.429458 -0.208105 -0.0705473 53.7767 -6.01807 89.5835
0.836345 -0.013784 0.495636 55.8293 -4.67601 90.5603
0.454515 -0.115247 0.457895 55.2922 -4.73441 89.454
0.47478 0.000242338 0.515765 54.0339 -3.50422 88.7871
0.624057 -0.394402 0.333553 54.8424 -3.64045 90.7319
0.52254 -0.314167 0.507944 53.523 -4.97366 89.8719
0.362623 -0.0491876 0.584801 54.5049 -6.88252 92.4348
0.368046 0.311981 0.5699 54.9328 -6.42632 90.786
0.471921 -0.340163 -0.0288649 57.1611 -6.60091 92.4297
0.451122 0.199556 0.741589 57.305 -6.25516 93.2634
0.473081 -0.359321 0.132213 56.4943 -6.21975 94.2027
0.491068 -0.315482 0.700207 59.1011 -3.80859 92.7315
0.520341 0.141896 0.485183 55.9897 -7.56426 92.0674
-0.0164634 -0.401215 0.296791 57.4554 -5.0008 92.2014
-0.0418325 0.0480786 0.61734 57.9769 -6.3565 94.247
0.258641 -0.0408043 0.137927 59.7562 -6.31752 96.4411
-0.183026 -0.254518 0.262461 56.169 -5.2985 93.8514
0.32982 -0.296177 0.144062 59.1183 -6.62255 97.8831
0.3611 0.0379264 0.192864 57.9555 -5.26482 96.0484
-0.256515 -0.16817 0.794536 57.6755 -4.69122 95.5146
0.360158 0.249624 0.680521 56.9648 -4.92266 96.9561
-0.0240735 0.345068 0.41161 60.1882 -7.53836 97.9186
-0.243394 -0.31604 0.569851 57.8859 -7.26406 97.7521
0.417948 -0.21409 0.209867 58.6473 -5.05941 100.556
0.357364 0.0230878 0.416865 59.0034 -4.89134 99.0245
0.0263497 -0.0648482 0.73389 57.2102 -4.41527 100.235
-0.26071 -0.242861 0.710957 57.2606 -4.88471 98.7256
-0.129409 -0.183574 0.935468 58.3353 -5.28447 99.2583
0.163914 0.165627 0.470731 58.1683 -5.25741 100.69
0.3485 -0.426131 0.782221 59.4043 -6.30028 102.433
0.49807 -0.321465 0.270512 60.7107 -5.13399 102.725
0.554926 -0.110851 0.632962 60.6699 -6.17124 103.633
-0.22294 -0.0987453 0.688412 60.5552 -6.17261 105.12
0.0796731 0.223283 0.254259 58.2714 -7.75355 105.028
-0.195887 0.210789 0.857627 60.0276 -6.68088 105.55
0.222179 -0.0938325 0.259666 59.5004 -4.53068 107.83
0.289118 -0.106011 0.83091 59.0074 -4.31632 107.52
0.167667 -0.0161909 0.611219 62.5914 -7.02803 107.12
0.375364 -0.193823 0.360277 62.2137 -4.6608 107.951
0.259682 0.0759109 0.712696 62.8824 -7.43612 108.941
0.0498805 -0.276947 1.0967 60.2076 -7.59182 109.629
0.262947 0.2602 0.956453 61.7125 -5.923 109.971
-0.183989 0.367511 0.755075 60.9805 -6.49552 109.05
0.268473 -0.0117307 1.11822 61.7695 -4.27986 112.559
-0.13375 -0.0285332 0.773814 61.1888 -8.09656 110.917
0.164614 -0.416531 0.407911 62.729 -6.08115 112.75
0.171778 -0.155297 0.858529 60.6345 -5.1759 112.831
-0.179147 -0.175118 1.00034 62.521 -6.96275 116.042
0.583983 -0.168477 0.523511 64.7542 -8.21259 116.589
0.183955 0.031784 0.592887 63.1345 -5.63982 115.729
0.232518 0.168911 0.91779 61.6357 -7.91104 115.603
0.153779 0.163666 1.00042 62.3928 -4.66522 116.858
-0.00127409 0.118955 1.0593 62.8237 -6.76445 120.008
0.0685317 0.0786616 1.085 63.7127 -5.6188 119.188
0.5317 0.319333 0.624896 63.8241 -7.58671 121.807
0.0288098 0.0659449 0.741405 63.3291 -5.01997 120.476
-0.0720979 0.0503076 1.04602 65.6288 -6.37507 120.228
-0.124354 -0.101795 0.965479 66.2253 -6.87729 124.362
-0.023834 -0.412855 0.519836 63.9438 -7.67591 122.027
0.0699839 -0.217314 1.04264 66.736 -7.04337 124.855
0.348856 -0.124348 0.944871 66.2916 -8.21866 124.357
-0.108697 -0.428568 0.623238 63.9026 -5.23577 125.008
0.560336 0.178266 1.21366 66.9814 -7.12698 126.61
0.317583 0.315109 0.980675 67.3231 -5.59478 128.078
0.18294 0.236447 1.10808 66.4665 -5.62612 128.09
0.542377 -0.20854 1.19544 64.7395 -8.36636 128.759
0.598004 0.271165 0.596353 64.9619 -6.66299 129.173
0.316489 0.268879 0.503535 67.5047 -5.10393 131.413
-0.163353 0.281235 0.785247 66.1118 -8.24361 132.344
0.0456775 0.027081 0.916324 65.0838 -9.0377 133.524
0.531128 0.37079 1.08023 65.7123 -8.16652 135.412
0.381421 0.12422 0.769123 66.6929 -8.76484 135.509
-0.118354 0.216686 1.10493 68.4807 -5.69347 136.721
0.350928 0.127582 1.04003 69.3282 -5.98093 137.644
0.114512 0.0110568 0.558092 68.8828 -7.70551 135.524
-0.0977241 0.2526 1.1252 69.1598 -7.34652 138.421
0.246132 -0.21379 0.556151 68.6282 -8.9446 139.761
0.430873 -0.0487993 0.892658 70.1634 -6.79396 138
0.208365 0.228064 0.743616 69.4096 -8.91731 141.909
0.039799 0.0125057 0.682155 69.7488 -7.75964 141.007
0.10081 0.124769 1.00431 69.3705 -7.92514 141.94
0.455359 0.321054 0.405955 70.9531 -6.64206 144.496
0.51664 0.0240805 0.441914 67.6715 -7.90198 142.521
0.5634 -0.061234 0.470486 70.4612 -6.41637 144.293
0.120715 0.177488 1.05789 71.6868 -9.20014 144.33
-0.14362 0.0014019 0.599548 71.0934 -9.36592 143.906
0.428035 0.147901 1.12017 70.4225 -7.18612 146.901
0.236085 -0.415296 0.723932 68.3219 -8.95199 149.297
0.384185 0.0745117 1.10511 70.2885 -6.55988 146.834
-0.0423774 -0.265414 0.91782 68.6382 -7.33014 147.134
0.272304 0.294024 0.513312 69.0121 -5.88865 150.815
-0.109062 -0.268198 0.980951 70.4346 -8.79901 152.479
-0.092981 -0.0997329 0.545398 69.5242 -7.70045 150.412
0.414082 0.228747 0.660522 72.3654 -9.60495 150.449
-0.14504 0.0226123 0.602077 69.4313 -7.14832 154.582
0.280509 0.0488134 0.847445 69.6626 -6.76575 154.406
0.348883 0.150946 0.76989 71.411 -7.87143 154.728
0.208461 0.174601 0.528634 72.2133 -9.47978 156.153
-0.172841 0.363779 0.90111 70.6369 -7.7149 156.609
-0.0995873 -0.153069 1.21945 73.0636 -8.52386 155.613
0.0178833 0.28235 0.676107 72.4031 -8.68948 158.582
-0.108885 -0.340168 0.66162 72.7339 -7.90837 158.181
-0.335209 0.0218769 0.523063 70.2622 -9.51739 160.805
-0.107697 0.271928 1.03596 72.8028 -6.70104 160.414
0.392702 -0.105705 1.12239 71.951 -7.69008 159.371
0.208856 -0.332034 1.00669 72.9317 -9.55063 163.254
0.177032 -0.267167 0.671784 70.3516 -9.08667 161.698
0.339309 0.159194 0.568406 71.3703 -9.02888 162.925
0.0892608 -0.416141 0.513215 73.6763 -8.17248 165.712
0.0870833 0.0883304 0.542232 72.7604 -9.33452 166.213
0.244432 -0.225731 0.53585 72.1165 -8.11901 166.881
0.319174 0.166312 1.11248 73.3006 -7.37161 165.151
-0.337273 -0.0728143 1.03449 72.8328 -9.53327 166.706
-0.305814 -0.162221 0.646434 71.9281 -9.38274 170.009
0.243407 0.0408539 0.92088 71.3146 -7.87859 167.87
-0.17769 0.0001827 0.901738 70.9524 -9.39889 170.539
0.29391 -0.249982 0.952524 73.8386 -6.43078 172.638
-0.0185351 -0.0695059 1.17087 70.1263 -9.17653 172.792
-0.203476 -0.070199 0.542065 72.1812 -8.04284 173.71
-0.167355 0.258524 0.690668 73.7113 -8.63985 175.157
-0.0211615 0.104702 0.870095 73.526 -8.16378 172.874
-0.366388 0.290928 0.987742 70.4943 -9.40472 175.112
0.161844 -0.0828155 0.758073 72.9605 -6.77905 177.28
0.0899297 -0.130254 1.09084 70.0151 -8.56932 175.665
0.146685 0.138668 0.66145 70.3937 -9.89076 177.07
0.262561 0.113287 0.626457 71.2894 -8.13194 179.464
-0.193787 0.0202314 0.733282 73.0705 -7.72465 178.823
-0.294453 0.325388 0.751126 71.3414 -8.88414 182.271
-0.413439 0.334049 1.03307 71.7975 -9.47834 181.199
0.138095 -0.120611 1.12665 73.4176 -8.14922 181.694
0.298285 -0.167123 0.96249 70.3896 -7.96356 183.965
-0.426362 -0.0419323 1.22636 73.1606 -8.72402 182.213
0.24425 0.127419 0.888297 72.3964 -6.98363 184.605
-0.384275 0.0813268 1.1744 72.8773 -10.3702 183.909
-0.377459 0.333525 0.811738 72.314 -8.47269 187.45
0.230143 -0.184391 0.642851 69.7371 -6.67553 186.499
0.213488 -0.0546764 1.18781 72.9805 -6.7691 187.277
-0.0287283 0.215611 1.16661 69.4842 -9.58267 188.394
-0.216528 0.21282 0.952308 70.1958 -7.34565 189.438
-0.356084 -0.325953 1.21889 70.2554 -9.59817 192.163
0.253269 -0.253309 1.15652 71.7676 -7.79073 190.662
-0.373827 0.366066 0.61001 69.5539 -10.695 194.166
0.154315 -0.286488 0.504437 70.1383 -6.88446 191.936
0.0744816 0.240486 0.53861 70.6858 -7.74292 194.505
-0.0651877 0.0596574 0.580103 70.2378 -9.30189 194.73
-0.136619 -0.241698 0.492206 71.0013 -8.22213 196.173
-0.324724 -0.123926 0.435227 69.1281 -9.26165 196.409
0.0354643 -0.329615 0.956321 69.6728 -7.3444 196.573
0.326915 0.00123547 0.974219 70.1139 -10.6015 196.824
0.178753 0.0309573 0.859233 71.9607 -10.9337 198.246
0.243957 -0.391179 0.611136 70.4205 -9.79698 200.78
-0.279223 0.19835 0.598256 71.6552 -9.62559 198.476
-0.292492 0.358366 1.03205 69.8303 -10.6681 202.2
0.206463 -0.130811 0.356673 69.064 -9.67599 199.687
-0.188977 -0.339523 0.429514 71.3755 -10.4525 202.176
-0.217387 0.105378 0.635845 70.7496 -10.1198 204.027
-0.433336 -0.00481903 0.671461 71.5622 -7.60661 203.131
-0.34158 -0.0940869 0.907551 68.4059 -9.24583 204.173
-0.255399 -0.301334 0.453858 70.5488 -9.3992 203.585
0.353768 0.346344 0.54642 70.2181 -7.3461 204.559
-0.235049 -0.0437494 0.678111 71.7923 -10.9922 205.038
-0.139763 0.25483 1.048 70.6592 -9.91091 205.224
-0.249588 -0.316304 0.73266 69.6683 -9.0071 207.598
-0.302159 -0.205572 0.264478 70.0425 -8.78381 206.802
-0.185997 0.0344474 0.740519 68.3934 -8.90841 207.979
0.227469 -0.118004 0.592791 71.7524 -9.31247 208.996
-0.11829 -0.28572 0.942817 71.5975 -10.7135 209.318
-0.276307 0.173997 0.454842 70.8017 -8.24262 210.999
-0.343667 0.171461 1.01223 70.6432 -10.8722 210.364
0.18304 -0.315734 0.422143 70.806 -10.1488 213.05
-0.0813176 -0.160266 0.707209 71.6281 -9.92899 213.572
0.188793 -0.0240204 1.01159 71.8821 -8.10893 214.696
0.340689 -0.0545139 0.375941 68.0207 -10.0543 214.64
0.385108 0.205951 0.322191 69.9819 -11.1182 215.811
0.254099 -0.00112977 0.390202 70.1565 -7.46009 214.586
-0.221641 0.0100193 0.723719 71.0987 -8.51277 217.816
0.0906593 -0.402803 0.323107 69.6198 -10.5431 215.05
-0.382344 -0.194078 0.43429 71.1397 -7.99655 216.273
0.281825 0.309388 0.670944 69.6039 -9.55671 216.364
-0.376023 -0.0886111 0.824369 70.7083 -11.2689 219.321
-0.189029 0.313927 0.553936 70.4364 -9.07679 220.304
0.0189818 0.176768 1.06181 68.4489 -7.5118 219.958
0.269977 0.171356 0.872486 68.9179 -10.3301 221.952
0.284153 -0.409816 0.636654 71.6866 -9.15887 219.673
-0.120604 -0.380571 0.845078 70.318 -11.0174 221.266
-0.165003 -0.229008 1.00976 70.3426 -11.2089 221.196
0.24709 0.0588473 0.73134 71.2075 -10.8759 222.611
0.334799 0.342004 0.941877 70.3225 -9.16839 223.009
0.0121114 -0.123743 0.816717 68.3936 -11.643 224.19
0.250017 0.152041 0.378056 71.7898 -7.89663 227.616
-0.338701 0.175218 0.675086 70.6459 -8.39809 225.662
0.109834 -0.168011 0.977816 69.8472 -9.2865 227.402
0.343626 0.131889 0.485976 71.5241 -9.42252 226.465
-0.403184 0.0967053 0.657041 71.2413 -10.2213 228.542
-0.00374603 -0.157026 0.843352 68.8445 -9.32541 230.752
0.0729246 0.204888 0.979004 67.9669 -9.53953 229.938
-0.155294 -0.288289 0.949349 68.583 -10.2434 232.452
-0.402057 -0.349653 0.658618 68.2235 -11.5491 230.812
-0.00753618 0.0124462 0.711137 68.2204 -9.62111 230.675
0.23353 -0.25965 0.878261 71.2385 -10.0515 231.568
-0.393943 -0.133648 0.647061 70.0457 -8.34722 232.632
-0.312686 -0.418419 0.567551 70.1306 -9.55875 234.473
0.212537 -0.0900593 0.502036 68.8987 -9.27753 232.996
-0.202545 -0.318719 0.19592 70.4794 -9.80934 236.714
-0.394938 -0.335207 0.158547 71.5658 -10.1039 233.527
-0.083509 -0.135658 0.603406 68.3215 -9.26782 236.657
-0.326041 -0.286783 0.420924 70.7612 -8.66153 236.442
-0.31715 -0.21442 0.179998 71.1011 -10.395 238.408
0.318905 -0.0398544 0.218341 69.7526 -10.3763 237.035
0.0225285 -0.0524777 0.160714 68.009 -10.1673 236.335
-0.123967 -0.347297 0.133954 68.0934 -9.05065 238.339
-0.256655 -0.298417 0.571173 68.0077 -9.53385 239.955
-0.202141 0.172199 0.491161 70.5178 -9.73958 240.144
-0.332279 0.180724 0.473814 69.8922 -11.587 239.918
-0.447551 -0.240756 0.0920345 69.4197 -10.9242 241.035
-0.0250321 -0.127706 0.681764 68.5712 -8.85805 239.813
-0.13674 -0.0541775 0.337745 67.4772 -11.364 242.134
0.14564 0.156946 0.733549 68.5246 -10.5504 240.851
-0.405283 0.346831 0.110143 67.7557 -10.2931 241.707
-0.153569 0.024604 0.0586108 69.5062 -11.2998 241.531
-0.433444 -0.375999 0.719675 65.8949 -10.9513 243.304
-0.243703 0.199781 0.0638997 68.1241 -10.14 244.024
-0.339212 -0.0314703 -0.084409 68.2741 -9.02171 241.319
-0.0598641 0.378071 0.395494 65.6246 -10.4518 245.26
-0.0665707 0.100326 0.201569 64.2803 -8.34237 242.044
-0.676223 0.368841 -0.136648 65.2789 -9.57093 243.424
-0.628645 0.274403 0.250433 65.9657 -9.60743 242.535
-0.665665 0.179314 0.524242 66.5302 -9.06013 243.827
-0.0801156 -0.0469611 -0.0156445 63.7191 -10.512 242.968
-0.0523535 0.296709 0.142347 65.5884 -8.25545 243.83
-0.169897 -0.342819 0.0284124 63.4923 -10.2368 244.652
-0.61037 0.427102 0.458783 64.877 -11.4489 243.082
-0.369913 -0.336157 0.310603 62.2588 -10.1222 246.361
-0.255339 0.242686 0.296492 60.9995 -8.2036 245.532
-0.08028 -0.0385595 0.440426 63.6521 -8.87898 246.428
-0.11102 -0.236652 0.240105 61.082 -9.11687 245.118
-0.5744 0.128267 0.406205 61.1083 -8.95024 243.953
-0.432796 0.0323267 -0.271402 58.6344 -10.2247 245.89
-0.263823 -0.205725 -0.336474 60.9249 -8.26448 246.314
-0.796795 0.313943 0.384878 61.0884 -8.78448 246.828
-0.867585 0.0199308 0.301567 59.9857 -11.5713 246.371
-0.631262 -0.350218 -0.212904 56.8243 -10.5761 245.581
-0.466598 -0.030198 -0.260563 55.8463 -11.0291 246.04
-0.802232 -0.176761 0.241269 55.5897 -11.3088 245.438
-0.232936 -0.313646 -0.113176 57.3781 -11.4395 245.034
-0.866963 0.381834 -0.0509717 54.8698 -8.37022 245.017
-0.834554 -0.314638 -0.162987 55.4558 -8.59167 245.685
-0.293431 0.386638 0.253545 53.1293 -8.56915 244.635
-0.793906 0.0878003 -0.0326434 53.7362 -10.6103 245.567
-0.685273 0.124561 0.207148 53.4881 -10.7952 245.74
-0.706461 0.153671 -0.10183 51.7518 -10.6477 245.19
-0.833301 0.064228 0.21788 50.2522 -10.3592 242.994
-1.12206 -0.276754 0.04822 52.2163 -9.01465 244.838
-0.898883 -0.306807 0.0917768 50.5888 -8.15082 242.598
-1.07268 0.109787 -0.072103 48.8603 -9.79475 246.247
-0.458722 0.282661 -0.0371319 47.2986 -9.32663 246.253
-0.714373 -0.111942 -0.235701 49.499 -9.35602 244.669
-0.472234 -0.300635 0.102531 47.2878 -8.37127 245.008
-0.785409 -0.0616782 -0.0823789 45.7403 -9.31717 245.249
-0.53147 0.365984 -0.191187 44.5738 -7.44561 243.906
-1.20766 -0.0396109 0.155138 44.7497 -9.37837 244.756
-0.590794 0.171714 0.185526 42.9215 -9.83502 243.625
-0.966978 0.403854 -0.236903 41.0915 -8.23661 242.825
-0.924497 -0.26672 0.141348 43.4685 -7.26315 243.133
-0.656211 -0.196364 0.0702007 41.803 -8.17687 244.125
-1.23083 -0.0360323 0.216082 40.1346 -10.4426 245.426
-1.17326 0.330347 -0.109487 39.0143 -9.6666 242.866
-0.989475 0.0658506 -0.00898249 36.6303 -7.71999 245.42
-1.16567 0.0374021 0.349475 35.8276 -7.53747 243.255
-1.08421 -0.0090002 -0.232289 38.4236 -6.67541 245.696
-1.02123 0.292222 0.0827395 35.5276 -7.73947 244.498
-1.06492 -0.251367 -0.30367 35.1964 -8.92914 242.757
-1.22208 0.405094 0.092508 35.4321 -6.98753 241.676
-1.06532 0.313111 -0.414603 31.549 -9.55161 242.216
-0.893936 0.000990221 -0.292444 32.2571 -8.56762 243.239
-1.08198 -0.287295 -0.17927 33.3793 -7.08974 244.009
-1.21933 0.40795 -0.4225 30.5384 -9.27283 242.551
-0.951434 0.364403 0.207212 28.8752 -6.45733 244.832
-1.20249 0.405405 0.104542 28.1207 -9.61386 245.107
-0.683196 -0.0886547 0.369628 26.7787 -7.03138 243.159
-1.05729 -0.273712 0.305218 25.4742 -7.08806 241.909
-1.23841 0.265331 -0.341224 25.4438 -9.76626 241.934
-1.11247 0.354685 0.082824 24.0151 -6.98319 241.313
-1.16861 -0.0141314 -0.207587 23.6514 -8.46729 242.615
-0.783665 -0.067299 0.0789007 23.2998 -6.57034 242.609
-0.857271 0.242007 0.000299009 21.958 -6.23436 244.254
-1.22259 -0.342731 0.246434 20.6003 -9.06798 244.497
-0.435552 0.300942 -0.348837 22.4118 -6.41729 242.185
-1.06949 -0.252907 -0.121476 20.8802 -7.82639 242.951
-0.445772 -0.25135 0.134638 21.018 -7.76079 242.14
-0.739796 -0.332737 0.0768499 19.0048 -6.47515 241.4
-0.760883 0.163136 -0.168312 19.2228 -7.70005 242.34
-0.706499 0.134092 -0.0811617 17.2984 -6.11249 242.65
-0.68712 -0.121623 -0.28473 15.1714 -6.57216 242.412
-0.940153 0.0439535 0.330609 17.1096 -6.51996 244.547
-0.472217 -0.0133845 0.15731 15.908 -7.45551 242.124
-0.848462 0.352989 0.233316 15.9578 -8.61701 242.373
-0.703919 0.207624 -0.302469 13.4219 -8.95956 243.898
-0.506317 -0.069193 -0.211134 13.1198 -6.49397 244.412
-1.04198 0.242462 -0.35338 13.645 -6.72901 242.307
-0.825367 0.0194034 -0.213267 12.9584 -6.18004 241.271
-0.433464 0.212462 0.318439 8.92681 -8.87556 241.924
-0.426615 -0.070207 -0.16403 7.81012 -8.63159 244.108
-0.759508 0.072086 -0.0607232 7.78376 -7.31026 241.505
-1.09243 0.189245 -0.469574 9.06591 -8.73861 240.656
-0.900914 0.0475848 -0.361649 5.77887 -6.40507 242.144
-0.413461 0.234472 -0.0313403 4.74724 -8.70133 241.617
-0.743983 0.088675 0.0247788 6.5862 -7.16287 241.808
-0.888167 -0.308246 0.00292609 6.45376 -7.64782 239.886
-0.648091 -0.015452 -0.22646 5.47892 -6.95664 240.919
-0.850862 0.222512 -0.406359 6.09531 -8.18994 240.831
-0.395308 0.301214 -0.125276 5.37103 -8.25212 240.529
-0.553823 0.335186 -0.245118 1.44023 -7.8079 242.156
-0.799544 0.393709 -0.214043 3.05241 -9.35438 241.505
-0.854971 -0.152163 -0.22798 2.80127 -6.9792 242.485
-0.53477 0.132789 -0.0868748 2.50947 -5.56596 242.062
-0.389018 -0.115324 0.0918084 2.53227 -7.04585 241.087
-0.23054 0.258271 -0.116497 -0.834664 -7.47491 243.146
-0.721572 0.208083 -0.364732 -1.44757 -8.33582 240.571
-0.476036 0.01593 0.36663 -2.42007 -8.26178 239.834
-0.270273 0.1668 0.287034 -0.54462 -7.8911 240.921
-0.836866 0.407079 -0.241313 -1.38729 -7.61682 242.898
-0.516991 0.24106 0.274837 -0.757742 -6.32817 242.157
-0.34109 0.24603 0.361816 -1.2527 -8.84644 240.015
-0.53476 -0.329114 -0.0857942 -2.63407 -8.44269 242.912
-0.563162 -0.332614 0.399208 -2.89962 -7.34163 242.261
-0.280223 0.151992 -0.0595411 -5.68036 -6.8952 241.057
-0.111406 -0.0477394 -0.379998 -3.97393 -8.63434 240.96
-0.475956 -0.31892 -0.187492 -4.74891 -8.09985 242.717
-0.320358 0.13632 0.144448 -3.99976 -6.92295 243.348
-0.0918402 0.0452862 0.0713761 -6.15451 -8.00135 242.752
0.0495433 0.167603 -0.0259845 -5.397 -8.60622 239.589
0.0725113 -0.277408 -0.343093 -7.38369 -6.92387 242.78
-0.512811 0.246292 -0.0958482 -6.14571 -6.54352 242.099
-0.547969 -0.143121 -0.325558 -5.44343 -7.8756 241.627
-0.436376 0.320519 -0.213883 -6.22743 -6.17127 243.24
-0.415 -0.240548 -0.270808 -6.98998 -8.13399 239.546
-0.160748 -0.154014 -0.00988804 -4.26181 -8.51471 240.854
0.148649 0.0171182 -0.101847 -6.50083 -8.3576 241.307
0.132769 -0.18385 0.273208 -8.01978 -5.83087 242.896
0.315819 -0.364444 -0.0360167 -5.52131 -9.1351 241.802
0.279427 -0.280245 -0.38442 -7.76674 -8.41436 240.038
-0.058144 0.127658 -0.0699074 -5.93601 -9.08331 242.77
-0.305274 -0.0970329 0.238331 -7.08841 -5.76335 241.775
0.0826246 0.145148 -0.392597 -6.68538 -6.97898 242.501
-0.00627 0.394349 0.263235 -6.47731 -6.83696 242.629
0.122088 0.074801 -0.000195508 -5.11608 -6.20027 241.074
-0.0039717 -0.280891 0.0488652 -6.39143 -5.24609 239.559
0.315678 0.221809 0.120491 -5.46863 -7.73078 242.617
-0.0580648 -0.10433 -0.294427 -4.55709 -8.643 242.423
0.375217 0.365218 -0.249704 -6.25916 -6.15441 242.147
-0.288415 -0.199953 -0.26542 -4.92065 -6.53825 242.709
-0.381373 -0.228029 0.121798 -8.40615 -8.19425 240.023
0.220528 0.315918 0.123143 -7.87108 -6.4442 241.656
-0.00274156 0.250089 -0.166329 -5.89299 -6.96943 242.338
0.0626374 0.186957 0.150038 -7.06783 -7.56244 242.08
0.0623165 0.0484652 -0.24453 -7.4558 -7.67768 240.816
-0.0427345 -0.391491 -0.230026 -5.6405 -8.57491 240.454
0.0577118 0.233955 -0.201833 -7.39399 -7.81614 239.637
-0.364645 0.0962589 -0.257172 -6.02065 -7.82972 242.268
-0.159949 -0.390514 -0.131014 -5.57729 -6.5201 243.245
-0.214926 0.279275 -0.167067 -5.94354 -8.44527 243.082
0.0683356 -0.0930785 -0.270618 -5.42961 -6.66765 242.052
-0.00382758 0.292979 -0.109261 -5.04854 -5.55523 243.395
-0.0612383 -0.339329 -0.182369 -5.39242 -6.08755 240.968
0.193196 -0.320675 -0.383882 -6.87412 -9.0241 241.06
-0.223096 -0.14225 -0.263161 -6.96122 -8.3073 241.488
-0.592558 -0.103834 -0.234644 -7.14436 -5.15812 243.146
-0.218799 -0.114018 0.217329 -8.29976 -7.86842 241.16
-0.254014 0.0624527 -0.0724363 -9.16448 -5.40599 243.497
-0.38199 0.34671 0.352379 -8.89707 -7.8905 243.001
-0.115565 -0.0338352 -0.00957162 -7.04941 -5.38446 243.21
-0.465428 -0.304048 0.0454921 -9.88557 -5.11645 241.747
-0.197897 0.193937 -0.247955 -7.49943 -8.61568 242.245
-0.298789 -0.00824612 0.471965 -9.76901 -7.32527 241.708
-0.417907 -0.133753 0.234956 -9.09619 -8.48166 243.988
-0.61432 0.0600401 -0.032076 -11.8318 -7.34992 244.156
-0.590329 0.335478 0.431341 -11.691 -7.49728 240.725
-0.00854255 0.00410474 -0.00937044 -8.55219 -8.72902 244.064
-0.32732 -0.346363 0.402278 -9.14445 -7.1112 241.629
-0.508259 -0.280341 0.299923 -11.5147 -8.60118 244.642
0.0758444 -0.044785 0.243432 -11.7748 -7.36114 243.627
-0.434491 -0.171993 0.369354 -10.803 -7.54699 244.376
-0.510324 0.157655 0.578801 -12.7242 -6.68675 244.507
-0.383476 -0.0938463 0.4104 -10.7814 -6.58397 242.453
0.135483 -0.196877 -0.0429393 -13.9846 -8.28058 243.242
-0.214071 0.216303 0.40872 -10.767 -7.41812 244.812
-0.434318 -0.352257 0.749275 -12.3363 -5.72294 243.876
-0.35862 0.168516 0.767209 -11.3729 -7.24398 243.789
-0.362319 -0.278673 0.316543 -11.5817 -7.77758 246.603
-0.454945 -0.112091 0.518081 -13.9954 -6.44256 246.216
-0.478289 -0.163672 0.575177 -13.4825 -5.42806 245.093
-0.0889352 0.305792 0.13242 -14.0654 -8.40356 246.239
-0.441028 -0.299856 0.851488 -13.5315 -7.91755 246.388
0.0574082 0.168611 0.216079 -15.7443 -7.13068 247.581
-0.175245 -0.350889 0.400151 -15.7271 -6.54522 248.253
-0.189565 -0.191752 0.797018 -14.9294 -7.34219 250.507
-0.338043 0.0264619 0.469855 -14.7577 -5.57342 251.284
-0.0782296 0.25222 0.463202 -13.1004 -8.80274 249.825
-0.0596426 -0.223503 0.976804 -12.2854 -6.51154 251.439
-0.397049 0.371065 0.779229 -13.4295 -7.42452 249.731
0.341012 -0.232515 0.355119 -14.5487 -8.77124 252
0.130812 0.170271 0.453678 -13.0803 -8.63804 253.498
0.121185 -0.0477599 0.986777 -15.7675 -7.0738 255.119
0.33809 0.309008 0.298428 -14.8132 -5.99151 255.984
-0.133109 -0.268326 0.572263 -15.7745 -8.85102 254.231
0.225506 0.00740546 1.01265 -12.4633 -8.82586 254.39
0.174859 0.317396 1.14262 -14.3906 -7.50056 254.681
0.196006 -0.272212 1.03526 -13.5894 -5.68076 256.787
-0.0482102 0.110938 0.659403 -14.1616 -8.21055 256.722
0.150198 0.167518 0.513408 -13.0276 -7.64313 259.943
0.150189 -0.193579 0.479761 -13.6391 -6.77226 258.72
0.321108 -0.303398 0.981486 -15.2241 -6.22528 258.987
0.166217 -0.10693 0.978055 -14.7157 -6.30632 261.956
-0.132253 0.266219 0.515636 -14.1604 -5.45105 261.722
-0.0649198 0.373437 0.733753 -15.647 -6.13584 262.311
-0.227783 0.290948 0.512143 -14.8416 -8.38647 264.711
0.351855 0.292614 0.567213 -13.2104 -5.82363 265.858
-0.28092 -0.0372847 0.52645 -14.9987 -9.24648 266.042
0.313163 0.371066 1.08485 -13.7792 -7.59207 264.436
0.202312 0.170933 0.620254 -15.0459 -7.43033 269.212
-0.385173 -0.244627 0.728175 -13.0898 -7.57856 268.451
0.326348 -0.0143542 1.1649 -15.3943 -6.43752 268.772
-0.316363 -0.00577432 0.666777 -15.4453 -8.15707 268.246
-0.236158 -0.207072 1.33138 -14.9493 -8.31352 272.508
0.103991 -0.0884927 1.00266 -14.6329 -9.10478 272.499
-0.389122 -0.21081 1.15626 -16.0486 -8.47461 272.117
0.323691 -0.17123 0.637421 -15.2079 -7.75191 272.232
-0.209809 0.219592 0.646352 -14.7301 -9.14259 273.723
-0.113828 -0.115266 1.32892 -15.0743 -5.98635 275.75
-0.186663 0.214888 1.11302 -13.4116 -8.65909 277.114
0.129113 -0.366147 0.904077 -13.9417 -6.81682 276.919
-0.358861 -0.209439 0.801356 -16.7314 -8.04281 277.294
-0.0217565 -0.390805 1.07616 -13.2101 -6.61113 279.293
-0.0681808 0.0943266 1.13826 -15.1828 -8.43022 282.477
-0.199373 0.288812 0.734306 -13.8378 -7.86491 280.425
0.257002 -0.0938505 1.20778 -16.4792 -9.03135 284.524
0.195198 -0.0162615 1.10251 -15.805 -7.89294 283.892
0.233479 0.220955 1.25152 -16.7911 -7.89382 286.123
0.0552334 0.0359359 1.00985 -16.4235 -7.47419 285.782
0.295429 -0.319037 1.22521 -15.2289 -9.97575 289.603
-0.324677 0.183814 1.2834 -16.8915 -10.1361 288.094
0.0426301 -0.239383 0.67288 -16.877 -7.94843 290.98
-0.349261 -0.419297 1.12433 -15.4579 -7.66036 292.773
0.152767 0.273036 0.825037 -15.7834 -7.68308 293.816
-0.0271634 0.00201832 0.782153 -14.6884 -8.01731 292.936
0.200732 -0.411786 1.05675 -15.5565 -9.95021 295.362
0.126181 0.0940837 0.948987 -17.1933 -7.7066 293.453
-0.130412 -0.302224 1.16771 -15.7998 -9.77326 295.825
0.294582 0.0974178 0.809812 -17.0949 -8.06633 297.703
-0.181262 -0.0796347 1.10613 -15.351 -9.01605 297.296
0.0534976 -0.196387 0.999462 -17.4688 -6.61292 297.208
-0.168032 0.00257449 1.24895 -16.3743 -6.58759 300.778
-0.258958 -0.105408 0.760663 -15.3392 -9.12962 303.197
-0.337831 -0.0522951 1.22642 -14.3019 -10.4175 302.479
-0.401321 0.0801038 1.22195 -14.5617 -10.0332 303.767
-0.0611154 -0.211396 1.26885 -17.0534 -7.13306 305.569
0.0457503 -0.326938 1.35411 -18.0522 -8.89369 305.08
-0.342179 0.0943508 1.37456 -16.6878 -7.60987 305.431
-0.318481 -0.291761 1.23659 -17.14 -10.2155 307.567
-0.41016 -0.0990977 0.684857 -15.154 -8.99033 309.527
0.20552 0.0452886 0.790491 -17.7755 -10.5464 311.049
-0.0338878 0.155558 1.42236 -14.6867 -7.83874 310.227
-0.282917 -0.251357 0.825489 -15.3471 -6.80392 312.445
-0.206528 0.0481918 0.660116 -16.1122 -9.83316 312.167
0.298735 -0.40999 0.981765 -16.6924 -9.17941 314.89
0.318113 -0.0991902 1.21013 -18.5583 -9.92168 313.165
-0.327796 0.0566779 1.11082 -15.5604 -10.7189 317.514
0.299136 0.36667 1.09314 -17.5885 -7.45132 315.88
-0.242985 -0.141603 0.711129 -15.195 -9.8095 318.662
-0.39303 0.327054 1.16028 -17.4634 -7.08275 318.679
0.22017 0.277334 0.668211 -16.7997 -7.45288 320.838
-0.380545 -0.150535 1.40497 -15.3934 -10.4677 320.81
-0.147335 0.358036 1.10018 -18.2891 -8.42336 323.634
0.319992 -0.312584 1.13439 -16.5582 -10.5578 323.044
0.288188 0.0563897 1.26888 -18.5579 -8.09408 324.567
-0.0478168 -0.129515 0.736303 -15.5975 -9.65324 323.909
-0.214826 -0.297985 1.32741 -15.9849 -7.33887 327.586
-0.0225163 0.190076 0.760407 -16.4003 -8.77392 326.465
-0.0602858 -0.401576 1.12363 -15.7159 -10.5887 329.052
0.190511 0.200897 0.702566 -19.0702 -8.4951 329.579
-0.278661 -0.278495 0.721997 -19.2874 -8.10288 329.455
-0.224424 0.291199 0.822774 -19.2919 -11.0348 330.916
-0.12565 -0.112583 0.937708 -17.7583 -8.62621 331.686
0.245628 0.155809 0.723539 -16.1591 -7.54839 332.55
-0.430332 0.286039 1.36355 -17.1074 -11.0669 335.887
-0.0180753 -0.0724334 0.866122 -17.7285 -9.80263 337.675
-0.109307 -0.291101 0.830377 -16.2549 -7.78498 335.118
-0.154029 0.304817 1.1764 -19.7577 -8.89086 339.007
-0.0931239 -0.194659 1.15455 -19.5195 -9.1907 340.735
-0.398575 0.199906 1.06427 -17.5711 -8.59163 339.569
-0.325731 0.118441 1.21988 -20.0874 -8.5863 340.181
0.153964 -0.0409272 1.25363 -17.7554 -11.3442 340.609
0.0346513 -0.202249 0.672732 -17.1791 -7.93518 343.734
0.0805016 -0.301155 0.647152 -16.414 -8.54287 343.711
-0.285943 -0.36295 1.14775 -19.595 -9.74725 343.632
-0.33934 -0.342569 1.13782 -20.066 -11.3 344.829
0.083877 0.285151 0.627748 -18.9339 -8.03086 347.302
0.0156261 -0.372073 0.978482 -17.2563 -7.9855 346.138
-0.244007 -0.222112 1.10687 -17.2433 -10.581 350.857
-0.17458 -0.383364 0.614223 -20.1884 -10.4581 350.272
0.215743 -0.140665 1.3204 -18.0152 -8.15694 352.621
0.0846954 0.0724817 0.607576 -18.3057 -10.7325 353.245
0.307835 0.0152202 0.523107 -17.4205 -9.20493 351.649
0.214706 0.0753143 1.23033 -19.1605 -8.51348 355.126
0.188359 -0.102138 0.844139 -17.8436 -10.8467 353.101
0.142484 0.353477 0.479757 -19.5679 -11.2135 354.382
0.257539 -0.271114 1.0131 -18.1566 -12.0003 357.341
0.191953 0.268709 1.02657 -19.6756 -11.9941 355.4
0.142795 0.197537 0.595622 -18.1101 -11.9317 356.764
-0.0304608 0.17989 0.963017 -20.5662 -9.23341 360.03
-0.306936 0.193584 0.721119 -19.2367 -9.59948 360.52
-0.318444 -0.187418 1.00907 -18.3411 -11.0786 361.276
0.185662 -0.242791 0.668392 -19.7127 -10.9729 360.678
0.176853 0.360491 0.440585 -17.5857 -12.0239 361.367
0.0292848 0.0223488 0.819577 -19.4163 -8.88418 360.875
0.251536 -0.109606 0.719868 -19.5196 -11.9459 363.782
-0.0561394 0.115393 0.44871 -20.5324 -9.76763 363.389
0.364151 -0.379481 0.281882 -18.1689 -11.3249 365.143
0.0902822 -0.191773 0.304881 -19.576 -9.79635 364.895
-0.281382 0.0308853 0.798912 -18.3779 -11.6569 365.344
0.371361 -0.408724 0.144278 -18.7927 -9.57351 364.439
0.0505944 0.124719 0.623338 -21.0926 -11.3766 367.156
-0.273996 0.343945 0.507927 -20.1246 -11.7957 365.89
-0.427743 -0.391592 0.165632 -19.3846 -11.6175 365.275
0.0502326 -0.176448 0.397079 -20.2897 -12.2611 365.776
0.106133 -0.0502335 0.480962 -20.9467 -8.90799 369.492
-0.182996 0.291962 0.529226 -21.4811 -11.7331 369.583
-0.416766 0.198277 0.305976 -21.5128 -8.75358 369.171
-0.0622723 -0.00628158 0.0405625 -19.1631 -10.3773 368.083
-0.127843 -0.0975282 0.169219 -21.0423 -11.0835 369.726
-0.0996126 -0.0236722 0.200129 -22.1706 -11.3692 371.029
-0.325648 -0.134541 0.395442 -21.0926 -10.92 368.763
0.118337 -0.232884 0.559551 -21.5821 -11.3205 371.649
-0.23107 0.0961266 0.259985 -22.4625 -10.9471 372.521
-0.186009 -0.368502 0.413687 -20.13 -10.8093 370.713
0.0734123 0.15451 0.445912 -22.241 -12.6998 371.155
-0.411057 -0.2577 0.741108 -21.8278 -10.9513 371.766
-0.558918 0.286357 0.323375 -23.3887 -11.995 372.338
-0.566126 0.0705958 0.6818 -22.4904 -10.8806 373.931
-0.641097 -0.258077 0.630251 -22.4242 -8.82856 372.394
-0.465926 0.23513 0.285764 -22.7868 -10.9666 372.674
0.0230097 -0.171465 0.489944 -21.6681 -9.89987 372.914
-0.367475 -0.253403 0.585485 -23.3385 -10.3747 373.131
-0.703236 0.0848435 0.42126 -24.7586 -9.12454 375.208
-0.154961 -0.164195 -0.0145169 -23.3927 -9.78493 373.205
-0.362864 0.276747 -0.0422805 -26.5937 -12.591 375.043
-0.756373 0.216928 0.451819 -27.0016 -12.4618 374.382
-0.281417 0.0968764 -0.0103731 -24.7914 -11.3095 373.722
-0.645671 0.12038 -0.0354296 -25.1641 -11.9772 373.076
-0.27583 -0.312393 0.343861 -27.9285 -10.1106 373.697
-0.31375 0.263762 0.250337 -29.2374 -12.0932 374.514
-0.279198 -0.307602 -0.386584 -28.9227 -9.35537 375.589
-0.239343 0.410138 -0.195248 -30.395 -8.64898 373.554
-0.570352 -0.346599 -0.342793 -30.9241 -11.2925 376.304
-0.529816 -0.181582 0.18098 -30.2999 -11.3962 373.546
-0.936506 0.415412 -0.388092 -31.6293 -12.2087 376.697
-0.256663 0.193029 -0.0680557 -29.0704 -11.5916 375.456
-0.942509 -0.145762 -0.0244715 -30.4249 -11.1539 376.446
-0.945009 -0.131405 -0.0522455 -33.6301 -9.46973 375.699
-0.941333 0.0455302 -0.300336 -33.7288 -9.55475 374.35
-0.784751 -0.00605736 0.187308 -32.6633 -9.17687 374.929
-1.05532 -0.0772194 0.0767653 -32.439 -9.92885 374.625
-0.712739 -0.229204 0.330142 -34.1457 -11.5001 374.679
-0.853777 -0.322395 -0.0786178 -35.9603 -9.94157 374.353
-0.915784 -0.0361908 -0.321098 -36.2342 -11.7605 374.848
-0.339081 -0.245347 0.271454 -36.5276 -8.53969 372.489
-0.659786 -0.229686 0.0744376 -38.0449 -10.5158 373.977
-1.02916 -0.310432 -0.0224575 -36.9994 -10.904 373.107
-0.8252 -0.090222 0.112805 -39.7381 -9.65097 373.627
-0.664077 0.138231 0.0701433 -38.2114 -9.38936 373.915
-0.6696 0.196977 -0.108819 -42.6699 -8.84471 373.705
-0.90114 0.164691 -0.329909 -42.7646 -8.45755 374.621
-0.54712 0.0880456 -0.266047 -42.7622 -11.5006 372.762
-0.798846 0.0266389 -0.241625 -43.0111 -10.9099 374.21
-0.644095 0.329605 -0.287436 -42.5433 -11.3702 371.783
-1.08877 -0.127135 0.192012 -45.6202 -9.88962 375.23
-0.801238 -0.2953 0.293117 -44.5996 -11.6252 372.103
-1.06701 0.378392 0.282529 -44.7633 -10.666 372.867
-0.793502 0.361427 -0.0547953 -49.2544 -10.7852 372.613
-0.836044 0.154993 0.186686 -46.7394 -9.18211 373.198
-1.04336 0.33734 -0.0169946 -49.8368 -11.7356 374.57
-0.666627 -0.199851 -0.196776 -51.5724 -11.0615 373.19
-1.23364 0.201663 -0.259055 -53.0118 -10.7507 371.585
-0.94012 -0.206795 0.314865 -52.9481 -10.0833 372.176
-0.782974 0.357523 0.175782 -54.5925 -10.9522 373.583
-0.610408 0.221301 -0.259702 -54.0015 -10.5234 371.754
-0.646257 -0.15167 0.234337 -56.7382 -8.2335 372.502
-0.868647 -0.120633 0.193393 -57.5579 -9.68764 373.567
-1.04706 0.389934 -0.399225 -55.4667 -9.60146 374.021
-0.860474 0.200058 0.123224 -56.4412 -9.97597 373.589
-1.06269 0.0392641 -0.137736 -59.8523 -11.2218 371.658
-0.540077 0.212341 -0.137964 -58.806 -9.91696 372.749
-0.53707 0.0530295 0.143458 -59.1912 -8.0715 374.205
-0.897714 0.164104 0.247853 -61.6534 -10.489 374.754
-0.813676 -0.000997967 -0.301251 -62.6576 -9.79158 372.996
-0.519643 -0.06585 -0.41727 -63.4995 -11.0223 372.097
-0.579853 0.0545688 0.0246155 -62.0267 -11.0713 373.576
-0.511772 -0.262867 -0.284981 -63.0519 -9.7148 371.066
-0.99799 0.0368215 -0.292157 -66.4869 -8.35784 371.561
-1.16508 -0.118738 -0.13016 -64.7263 -10.5458 373.857
-0.540223 -0.0658373 0.0163282 -66.575 -10.3533 374.103
-1.1071 -0.0257234 -0.202125 -66.5508 -8.41782 373.15
-1.04932 -0.192757 -0.451175 -69.7922 -8.49858 373.645
-0.736423 -0.309359 0.129991 -68.7488 -7.42629 373.815
-1.07625 0.115492 0.236483 -69.9534 -10.0083 374.017
-1.16302 0.330088 -0.0956688 -72.4904 -7.85144 371.688
-0.648357 -0.263642 -0.347141 -72.8991 -7.67138 371.512
-0.718021 0.313243 -0.184832 -74.2463 -8.21331 372.542
-0.924451 -0.0177852 -0.433506 -75.1408 -9.60875 372.75
-0.503088 -0.197346 0.0103193 -76.5263 -10.2084 373.19
-1.18067 0.144627 0.0476765 -74.7013 -10.7322 372.892
-1.23381 -0.229247 -0.329506 -75.6915 -8.6768 373.521
-0.681266 0.334552 -0.100383 -78.3853 -8.74125 370.277
-0.574353 0.0597595 -0.03203 -80.1666 -9.8167 373.521
-0.933223 0.273001 -0.178076 -79.4785 -8.22692 370.864
-1.08419 -0.17946 0.00274467 -81.6446 -10.7337 372.285
-0.913033 -0.267259 0.0352355 -79.6414 -10.4898 372.143
-0.573093 0.00352154 -0.011643 -82.9102 -8.32048 370.641
-0.524501 -0.30109 0.132321 -84.6427 -10.5519 371.841
-0.475985 -0.10361 0.196073 -83.7234 -8.15876 370.321
-0.565178 -0.260165 0.204984 -83.6019 -7.46579 373.618
-0.441059 -0.100703 -0.19676 -87.6924 -6.76706 372.463
-0.805445 -0.015935 0.14738 -88.2725 -7.8072 371.872
-1.0504 -0.0963516 0.345644 -88.6344 -6.96307 373.11
-0.741977 0.125738 -0.380385 -89.6153 -7.35228 373.693
-0.919461 0.0462735 0.0888154 -90.6851 -8.42363 371.555
-0.800699 0.226196 -0.148404 -90.2603 -8.66338 370.905
-0.463469 -0.282218 -0.131583 -90.4564 -7.79216 373.082
-0.414807 0.0813542 0.341418 -90.1903 -8.69895 370.176
-0.775145 -0.0331815 -0.155106 -93.1986 -8.67205 373.128
-0.497447 -0.355003 0.3882 -93.6564 -8.43562 370.879
-0.263617 0.251721 -0.126619 -93.4539 -10.0344 372.792
-0.590103 -0.0572724 -0.318886 -94.9324 -9.38411 373.428
-0.400819 -0.250316 -0.0905628 -95.4907 -9.23972 370.702
-0.502179 0.0818055 0.352983 -96.5935 -8.61579 370.981
-0.930168 -0.0499661 -0.0568855 -95.1142 -7.49347 370.176
-0.703011 -0.34366 -0.185284 -96.2074 -7.01275 370.613
-0.307757 0.366056 0.0684544 -98.1989 -6.8017 370.129
-0.777215 -0.160596 -0.200942 -97.0237 -8.12968 369.717
-0.894462 0.0215444 -0.267852 -97.5872 -6.90411 372.819
-0.222392 -0.148119 0.258122 -97.6974 -8.50394 373.266
-0.419393 0.206435 -0.0338189 -98.795 -6.23619 372.89
-0.621246 0.112899 -0.206973 -100.16 -7.12649 369.96
-0.511126 -0.330448 -0.267429 -101.515 -9.71245 371.243
-0.489506 -0.117752 -0.44758 -100.766 -9.48305 369.687
-0.397554 -0.347026 0.0549968 -102.479 -10.1243 371.505
-0.268734 0.0337102 -0.282968 -100.164 -8.52879 372.794
-0.579345 0.183561 -0.123453 -103.212 -6.63888 372.575
-0.720421 -0.295078 -0.307953 -103.101 -7.68441 372.152
-0.370612 0.112805 0.273604 -101.718 -7.12725 371.102
-1.00684 -0.0761823 -0.452339 -106.147 -6.17378 371.901
-0.597688 -0.218542 0.293155 -103.103 -9.51569 372.251
-0.523013 0.0810656 0.160254 -105.446 -8.15906 369.987
-0.548638 0.164026 0.0332964 -107.267 -8.07411 368.614
-0.39666 -0.0375628 -0.0817143 -106.54 -6.07278 369.764
-0.311048 0.430013 -0.235561 -105.83 -6.83878 369.786
-0.977537 0.221519 -0.170299 -109.205 -7.42101 372.131
-0.419209 -0.0378765 0.256998 -109.775 -6.84467 370.619
-1.11202 -0.0415056 -0.361727 -109.883 -8.17141 371.344
-0.424424 0.379136 -0.429174 -109.099 -8.82194 371.811
-0.488066 0.0896729 -0.0315865 -110.823 -6.11933 370.19
-0.906078 -0.128321 -0.0587421 -110.23 -8.68466 370.691
-0.882141 -0.218372 0.332925 -114.36 -6.55071 371.356
-0.757336 0.386978 -0.286224 -111.929 -6.71364 368.737
-0.504399 0.270814 0.123128 -116.136 -6.68177 370.301
-0.693288 -0.140166 -0.0446216 -115.164 -6.22944 369.263
-0.564131 -0.0925527 -0.429887 -117.852 -9.3386 369.309
-1.04825 -0.335966 -0.127102 -118.949 -5.79742 370.894
-1.30173 -0.257484 -0.451079 -117.288 -7.9295 369.781
-0.898342 -0.279448 -0.00357597 -120.198 -6.37152 369.231
-0.919783 -0.147281 0.0343628 -120.755 -6.62626 368.468
-0.80862 0.206546 0.264465 -120.193 -8.67901 370.315
-0.782332 0.0849334 0.276495 -121.383 -7.56537 368.048
-0.773512 -0.0231182 -0.208933 -124.38 -9.15731 368.359
-1.20408 0.0992792 0.369085 -121.973 -9.04845 369.239
-1.18923 0.144 0.152674 -123.174 -5.5418 368.06
-0.873473 0.258268 -0.0061393 -124.653 -7.06912 367.873
-1.09413 -0.0508229 0.265052 -125.608 -6.78946 369.444
-1.21025 0.30038 -0.26604 -128.755 -8.632 370.926
-0.729564 -0.293662 -0.372062 -127.255 -6.67667 368.253
-0.992136 -0.127672 -0.233089 -130.095 -6.98727 369.026
-1.25353 -0.355313 -0.125734 -129.951 -8.27449 371.147
-1.32929 -0.352567 0.199591 -131.078 -6.66301 367.699
-0.992805 0.232395 0.320458 -132.274 -6.22046 367.742
-0.816595 0.207628 -0.0953172 -134.506 -4.97883 368.053
-0.899139 -0.207552 -0.330762 -136.255 -6.2365 369.548
-1.28417 -0.35637 -0.400813 -136.473 -8.80096 367.907
-1.1349 0.250036 0.29815 -135.117 -5.16534 371.037
-0.880782 0.289342 0.0908259 -138.437 -4.87717 367.7
-1.36067 -0.0780835 0.185979 -140.668 -6.36442 368.991
-1.21619 0.17646 0.192781 -138.259 -7.53609 368.607
-0.682585 -0.131278 -0.0347421 -139.182 -6.67746 369.544
-0.869136 -0.0654499 0.31648 -141.472 -7.16321 368.025
-1.09132 -0.369268 -0.301992 -143.308 -7.94715 370.127
-0.836052 0.367654 -0.342719 -144.514 -6.91919 367.446
-0.625827 -0.214145 -0.319824 -145.631 -6.1595 368.192
-0.960072 -0.287484 -0.291786 -143.463 -5.52822 366.959
-1.06576 0.186994 0.274623 -145.472 -4.62008 368.847
-0.763564 -0.261833 -0.40932 -145.782 -4.70327 368.286
-0.689518 -0.325832 0.107136 -149.402 -7.62349 368.137
-1.00914 -0.0962502 0.0412254 -151.217 -5.65586 368.807
-1.26205 0.313195 0.155505 -148.82 -4.72938 367.64
-0.92643 0.260834 -0.239359 -151.209 -7.02278 369.081
-0.860967 -0.077209 -0.1498 -151.978 -5.21263 366.937
-0.881363 0.00766983 -0.435695 -152.019 -4.87161 369.77
-1.27008 -0.00491692 -0.395934 -152.987 -4.14056 368.334
-0.850433 0.249391 -0.0480997 -154.967 -7.94044 368.779
-1.10399 -0.113413 -0.0774234 -155.523 -4.21859 366.272
-0.570776 -0.0861274 -0.0497551 -156.019 -6.12666 366.643
-1.20022 0.0384308 0.0724727 -155.821 -6.58062 367.063
-0.976436 -0.019584 -0.4437 -158.958 -4.19485 366.446
-1.16042 0.00161497 0.24616 -160.653 -7.54129 367.877
-0.878298 0.099691 0.333654 -160.475 -5.46584 366.968
-0.630479 -0.266431 0.241437 -162.1 -6.827 369.101
-0.646484 0.379769 -0.0316051 -163.595 -7.08253 368.502
-0.802744 -0.197416 0.085284 -162.994 -6.50084 366.121
-1.26799 -0.202066 -0.0246335 -165.649 -5.01006 368.586
-0.714751 0.178918 0.324912 -165.768 -3.92585 367.686
-0.914396 0.293311 -0.427174 -165.098 -5.12931 369.116
-0.748268 -0.234101 -0.273487 -165.48 -4.2623 365.751
-1.22565 0.0438977 -0.254318 -168.208 -5.15372 368.955
-0.793221 -0.256008 -0.09878 -169.503 -4.08148 367.278
-0.478928 0.298189 0.0279199 -167.83 -6.12522 366.561
-0.647821 -0.064632 0.0489223 -170.812 -6.44298 365.539
-0.79516 0.0192837 0.155257 -171.57 -5.30484 366.808
-0.50477 0.258102 -0.282968 -171.843 -4.81061 366.125
-0.691633 -0.299156 0.0149711 -172.535 -5.18994 365.644
-0.893931 -0.262494 -0.172352 -172.488 -5.64137 366.121
-0.284461 -0.342578 -0.379773 -174.597 -6.99448 368.105
-0.459157 0.292354 -0.417881 -175.15 -6.48534 367.052
-0.981699 -0.0532768 0.179702 -174.011 -4.84121 367.402
-0.369063 -0.234332 0.348097 -176.043 -6.17626 367.223
-0.603529 0.104908 0.325675 -174.341 -3.92044 365.903
-0.203315 0.349734 0.225686 -178.39 -4.65511 368.254
-0.24787 0.16272 -0.384291 -178.765 -6.5818 368.157
-0.534856 0.372298 -0.373916 -179.231 -5.1271 365.461
-0.687668 0.0383332 0.248094 -177.955 -6.93145 367.526
-0.764861 -0.345643 -0.426975 -180.703 -6.09222 366.945
-0.152838 -0.288316 -0.0782864 -178.972 -3.37524 366.583
-0.683355 -0.356387 -0.0392226 -180.116 -3.73761 366.472
-0.578132 0.380244 -0.0374213 -178.759 -6.69186 365.008
-0.548545 0.410959 -0.287674 -180.932 -4.40129 366.826
-0.453857 0.20648 -0.34623 -180.194 -5.91536 366.016
-0.113019 0.256496 -0.182004 -180.431 -5.91209 365.953
-0.141235 0.30795 -0.479598 -181.395 -5.65827 365.506
-0.290153 0.392315 0.125252 -181.656 -6.54489 364.855
-0.171223 -0.0338999 -0.467617 -183.453 -6.70926 366.166
-0.661311 -0.116678 -0.45225 -183.829 -3.75136 366.273
-0.578067 -0.108201 -0.149089 -183.944 -3.51402 365.147
-0.411434 0.418147 -0.36704 -183.528 -5.1148 364.063
-0.192431 -0.0829365 -0.556761 -183.625 -4.02076 365.729
-0.545176 0.418756 -0.134149 -186.042 -3.88838 363.943
-0.17251 -0.368659 -0.802552 -185.872 -3.4291 362.268
-0.0883612 0.0466006 -0.178809 -185.447 -6.18067 361.019
-0.139599 0.171228 -0.394165 -187.943 -6.22574 360.499
-0.312088 -0.0791184 -0.17497 -187.882 -5.43782 361.998
-0.520501 -0.28937 -0.550168 -185.179 -3.85813 361.878
0.134195 0.26855 -0.184572 -185.926 -6.27127 361.119
-0.381363 0.347182 -0.876066 -187.408 -2.66234 361.378
-0.480665 0.160684 -0.597408 -188.305 -3.57326 357.693
-0.0356165 0.125359 -0.939076 -185.645 -5.74408 358.906
0.307793 0.130822 -0.485651 -186.453 -5.30967 359.255
-0.0570439 -0.131949 -0.55053 -186.916 -2.75533 357.454
-0.0622685 -0.364798 -0.904674 -187.391 -3.13079 356.513
-0.330717 -0.142612 -0.449331 -185.752 -5.12263 357.53
-0.0277982 -0.032991 -0.284606 -186.476 -2.697 355.723
-0.15922 0.0635895 -0.773559 -186.755 -5.21408 354.337
0.337032 0.330601 -0.283816 -185.789 -5.05759 354.202
0.29968 0.00799532 -0.270361 -186.417 -2.99152 353.599
0.407801 0.078685 -0.36304 -187.949 -4.92476 351.133
0.227924 -0.142327 -0.40648 -186.495 -3.15132 351.794
-0.18291 -0.278033 -1.08945 -187.048 -4.5531 351.051
-0.0393304 -0.0593343 -0.359881 -186.154 -2.91484 352.461
-0.187625 0.282945 -0.55546 -188.858 -5.12467 350.586
0.1455 -0.238316 -0.924235 -185.118 -5.50392 348.523
-0.135803 -0.343254 -0.710883 -188.706 -4.65436 347.902
-0.203617 -0.0486837 -0.418728 -186.396 -3.19385 346.61
0.466462 0.179633 -0.655343 -185.37 -3.90728 345.418
0.208745 -0.149405 -0.583064 -184.854 -2.67119 348.257
-0.217334 -0.261934 -0.418487 -187.344 -4.53406 345.95
-0.0359483 0.387048 -0.793086 -185.533 -5.13501 345.897
-0.190652 -0.223803 -0.57332 -184.805 -4.70423 345.848
0.164264 0.427421 -0.782106 -187.678 -5.80321 343.367
0.0436403 0.289248 -0.929809 -186.982 -2.8229 340.496
0.0459617 0.253813 -1.26384 -184.746 -4.46004 339.866
0.316796 0.354291 -0.947623 -187.906 -3.14994 341.535
-0.1501 0.0342352 -0.904995 -185.75 -3.9466 340.104
0.111456 -0.329695 -0.896301 -185.449 -3.36921 337.054
0.0103564 -0.350603 -1.12281 -186.888 -5.49369 338.408
0.470627 -0.295947 -0.564097 -186.161 -4.96311 336.365
-0.101149 0.134971 -1.16431 -183.634 -4.22253 337.822
0.0651907 0.333876 -0.548706 -183.527 -3.74652 333.668
-0.295767 -0.352144 -0.783956 -184.667 -5.31816 332.903
0.233473 -0.0950021 -0.712512 -184.084 -1.74618 331.859
0.389337 0.387945 -1.04032 -186.728 -4.44048 331.586
0.273395 0.0446719 -0.772562 -186.493 -3.74692 333.108
-0.29951 -0.00149494 -0.593131 -184.82 -3.15919 329.911
0.123294 -0.121529 -1.05468 -184.209 -3.57117 328.942
-0.314485 -0.139665 -1.29889 -186.78 -3.72421 329.408
0.435604 0.294659 -0.920488 -185.759 -4.89279 328.067
