-0.0469029 -0.0283993 0.858694 -0.0469029 -0.0283993 0.858694
-0.0468405 -0.0283614 0.857581 -0.0937435 -0.0567606 1.71627
-0.0468994 -0.028397 0.858689 -0.140643 -0.0851576 2.57496
-0.0468429 -0.0283626 0.857684 -0.187486 -0.11352 3.43265
-0.046896 -0.0283948 0.858687 -0.234382 -0.141915 4.29134
-0.0468377 -0.0283593 0.857652 -0.28122 -0.170274 5.14899
-0.0468983 -0.028396 0.85879 -0.328118 -0.19867 6.00778
-0.0468369 -0.0283587 0.8577 -0.374955 -0.227029 6.86548
-0.046882 -0.0283861 0.858559 -0.421837 -0.255415 7.72404
-0.0468962 -0.0283945 0.85885 -0.468733 -0.28381 8.58289
-0.0468145 -0.0283451 0.857389 -0.515547 -0.312155 9.44027
-0.0468836 -0.0283869 0.858685 -0.562431 -0.340542 10.299
-0.0468777 -0.0283834 0.85861 -0.609309 -0.368925 11.1576
-0.0468965 -0.0284714 0.85784 -0.656205 -0.397396 12.0154
-0.0456736 -0.0265155 0.85424 -0.701879 -0.423912 12.8697
-0.0479453 -0.030092 0.86181 -0.749824 -0.454004 13.7315
-0.049427 -0.0300731 0.8688 -0.799251 -0.484077 14.6003
-0.0554131 -0.03143 0.87931 -0.854664 -0.515507 15.4796
-0.0526226 -0.0309635 0.88983 -0.907287 -0.54647 16.3694
-0.0536295 -0.031889 0.89956 -0.960916 -0.57836 17.269
-0.0506727 -0.0308808 0.90422 -1.01159 -0.60924 18.1732
-0.054667 -0.029496 0.91093 -1.06626 -0.638736 19.0841
-0.052395 -0.0298856 0.91311 -1.11865 -0.668622 19.9972
-0.053189 -0.0304559 0.91646 -1.17184 -0.699078 20.9137
-0.052439 -0.0296643 0.92674 -1.22428 -0.728742 21.8404
-0.056528 -0.0317296 0.9339 -1.28081 -0.760472 22.7743
-0.054034 -0.0324956 0.93521 -1.33484 -0.792967 23.7095
-0.050906 -0.0279571 0.94222 -1.38575 -0.820924 24.6517
-0.050886 -0.0246964 0.94519 -1.43663 -0.845621 25.5969
-0.050411 -0.0245919 0.94777 -1.48704 -0.870213 26.5447
-0.050981 -0.0268994 0.95156 -1.53802 -0.897112 27.4963
-0.048526 -0.028303 0.95839 -1.58655 -0.925415 28.4547
-0.046812 -0.0301479 0.96827 -1.63336 -0.955563 29.4229
-0.047608 -0.0282747 0.97546 -1.68097 -0.983838 30.3984
-0.047922 -0.0279343 0.97926 -1.72889 -1.01177 31.3776
-0.040083 -0.024591 0.97949 -1.76898 -1.03636 32.3571
-0.046858 -0.023426 0.97917 -1.81583 -1.05979 33.3363
-0.054829 -0.028227 0.9839 -1.87066 -1.08802 34.3202
-0.059117 -0.041864 1.01076 -1.92978 -1.12988 35.331
-0.063968 -0.064668 1.05654 -1.99375 -1.19455 36.3875
-0.067364 -0.055333 1.04099 -2.06111 -1.24988 37.4285
-0.065841 -0.055171 1.04301 -2.12695 -1.30505 38.4715
-0.064014 -0.04409 1.03214 -2.19097 -1.34914 39.5037
-0.065148 -0.043905 1.0349 -2.25611 -1.39305 40.5386
-0.073825 -0.033766 1.02256 -2.32994 -1.42681 41.5611
-0.069788 -0.033918 1.02192 -2.39973 -1.46073 42.583
-0.065486 -0.02877 1.00999 -2.46521 -1.4895 43.593
-0.070671 -0.033349 1.00488 -2.53588 -1.52285 44.5979
-0.064131 -0.037035 1.00092 -2.60002 -1.55988 45.5988
-0.061865 -0.033871 0.99921 -2.66188 -1.59376 46.598
-0.067033 -0.036061 0.99472 -2.72891 -1.62982 47.5928
-0.07188 -0.034712 0.98581 -2.80079 -1.66453 48.5786
-0.070542 -0.033092 0.97744 -2.87134 -1.69762 49.556
-0.066599 -0.031392 0.98173 -2.93793 -1.72901 50.5377
-0.064528 -0.037729 0.98072 -3.00246 -1.76674 51.5185
-0.063381 -0.032252 0.97656 -3.06584 -1.79899 52.495
-0.064341 -0.031057 0.96997 -3.13018 -1.83005 53.465
-0.061335 -0.028347 0.96306 -3.19152 -1.8584 54.428
-0.057291 -0.028089 0.96374 -3.24881 -1.88649 55.3918
-0.062111 -0.027354 0.95861 -3.31092 -1.91384 56.3504
-0.060592 -0.024388 0.96212 -3.37151 -1.93823 57.3125
-0.06748 -0.018534 0.96149 -3.43899 -1.95676 58.274
-0.072319 -0.019199 0.9514 -3.51131 -1.97596 59.2254
-0.06788 -0.022149 0.94093 -3.57919 -1.99811 60.1663
-0.062591 -0.023428 0.92492 -3.64178 -2.02154 61.0913
-0.0616 -0.02762 0.91507 -3.70338 -2.04916 62.0063
-0.072651 -0.02895 0.91046 -3.77603 -2.07811 62.9168
-0.067905 -0.033985 0.89841 -3.84394 -2.11209 63.8152
-0.068662 -0.033259 0.88267 -3.9126 -2.14535 64.6979
-0.065626 -0.028482 0.86886 -3.97823 -2.17383 65.5667
-0.068397 -0.027574 0.85491 -4.04662 -2.20141 66.4216
-0.067817 -0.029413 0.84292 -4.11444 -2.23082 67.2645
-0.065552 -0.027544 0.82873 -4.17999 -2.25837 68.0933
-0.064862 -0.024944 0.81666 -4.24486 -2.28331 68.9099
-0.068165 -0.024535 0.8043 -4.31302 -2.30784 69.7142
-0.068914 -0.021631 0.79375 -4.38194 -2.32948 70.508
-0.063575 -0.025915 0.77638 -4.44551 -2.35539 71.2844
-0.069365 -0.0267 0.75298 -4.51487 -2.38209 72.0374
-0.065335 -0.02764 0.73056 -4.58021 -2.40973 72.7679
-0.064133 -0.023251 0.71274 -4.64434 -2.43298 73.4806
-0.065151 -0.026541 0.69474 -4.70949 -2.45952 74.1754
-0.066236 -0.030754 0.67608 -4.77573 -2.49028 74.8515
-0.061785 -0.035678 0.65597 -4.83751 -2.52596 75.5074
-0.054374 -0.030699 0.63084 -4.89189 -2.55665 76.1383
-0.045788 -0.028815 0.61182 -4.93768 -2.58547 76.7501
-0.04816 -0.031273 0.59399 -4.98584 -2.61674 77.3441
-0.053201 -0.029306 0.58125 -5.03904 -2.64605 77.9253
-0.053694 -0.029651 0.5693 -5.09273 -2.6757 78.4946
-0.041069 -0.026141 0.55489 -5.1338 -2.70184 79.0495
-0.025971 -0.027367 0.54277 -5.15977 -2.72921 79.5923
-0.023585 -0.027593 0.53074 -5.18336 -2.7568 80.123
-0.024912 -0.023222 0.51151 -5.20827 -2.78002 80.6346
-0.02694 -0.021705 0.50083 -5.23521 -2.80173 81.1354
-0.013683 -0.020361 0.48748 -5.24889 -2.82209 81.6229
0.012064 -0.017775 0.47415 -5.23683 -2.83986 82.097
0.029359 -0.019443 0.45893 -5.20747 -2.85931 82.5559
0.043926 -0.018698 0.45252 -5.16354 -2.878 83.0085
0.057923 -0.017747 0.44608 -5.10562 -2.89575 83.4545
0.07606 -0.016167 0.43076 -5.02956 -2.91192 83.8853
0.094911 -0.014249 0.42808 -4.93465 -2.92617 84.3134
0.117352 -0.016197 0.41531 -4.8173 -2.94236 84.7287
0.136359 -0.019491 0.38951 -4.68094 -2.96185 85.1182
0.161745 -0.01869 0.38351 -4.51919 -2.98055 85.5017
0.182849 -0.014688 0.35202 -4.33634 -2.99523 85.8537
0.206255 -0.011613 0.34628 -4.13009 -3.00685 86.2
0.226223 -0.011507 0.32587 -3.90387 -3.01835 86.5259
0.247486 -0.012588 0.28622 -3.65638 -3.03094 86.8121
0.263314 -0.017201 0.28348 -3.39307 -3.04814 87.0956
0.277673 -0.015216 0.24945 -3.11539 -3.06336 87.345
0.29759 -0.011226 0.24898 -2.8178 -3.07458 87.594
0.309666 -0.009876 0.22609 -2.50814 -3.08446 87.8201
0.325535 -0.008689 0.18803 -2.1826 -3.09315 88.0081
0.334964 -0.010389 0.17986 -1.84764 -3.10354 88.188
0.336583 -0.013034 0.1555 -1.51106 -3.11657 88.3435
0.345473 -0.010855 0.15855 -1.16558 -3.12743 88.502
0.354511 -0.010604 0.13955 -0.811071 -3.13803 88.6416
0.361049 -0.008228 0.10636 -0.450022 -3.14626 88.748
0.377339 -0.004199 0.092 -0.0726836 -3.15046 88.84
0.374775 -0.006128 0.09052 0.302092 -3.15659 88.9305
0.374253 -0.010249 0.09268 0.676345 -3.16683 89.0232
0.374546 -0.018339 0.10188 1.05089 -3.18517 89.125
0.383692 -0.020823 0.08553 1.43458 -3.206 89.2106
0.398327 -0.016117 0.06659 1.83291 -3.22211 89.2772
0.407833 -0.012103 0.05235 2.24074 -3.23422 89.3295
0.422007 0.002024 0.0426 2.66275 -3.23219 89.3721
0.427012 -0.000921 0.04689 3.08976 -3.23311 89.419
0.447008 -0.013899 0.05323 3.53677 -3.24701 89.4722
0.465358 -0.02269 0.04837 4.00213 -3.2697 89.5206
0.473643 -0.022374 0.03547 4.47577 -3.29208 89.5561
0.48669 -0.019581 0.02735 4.96246 -3.31166 89.5834
0.497588 -0.01592 0.01991 5.46005 -3.32758 89.6033
0.514523 -0.017115 0.01769 5.97457 -3.34469 89.621
0.530051 -0.018047 0.01725 6.50462 -3.36274 89.6383
0.545758 -0.017027 0.01647 7.05038 -3.37977 89.6547
0.563712 -0.015201 0.0168 7.61409 -3.39497 89.6715
0.583864 -0.014338 0.01632 8.19796 -3.40931 89.6878
0.602955 -0.016894 0.01382 8.80091 -3.4262 89.7017
0.619318 -0.016084 0.00619 9.42023 -3.44228 89.7079
0.63955 -0.018008 0.0088 10.0598 -3.46029 89.7167
0.6548 -0.017356 0.00288 10.7146 -3.47765 89.7195
0.67379 -0.017549 0.00191 11.3884 -3.4952 89.7215
0.68625 -0.016421 -0.00127 12.0746 -3.51162 89.7202
0.70728 -0.018191 0.00711 12.7819 -3.52981 89.7273
0.72311 -0.019732 0.01139 13.505 -3.54954 89.7387
0.73894 -0.020504 0.01371 14.2439 -3.57004 89.7524
0.75865 -0.025262 0.02392 15.0026 -3.59531 89.7763
0.77108 -0.026091 0.02895 15.7737 -3.6214 89.8053
0.78687 -0.024451 0.03813 16.5605 -3.64585 89.8434
0.79418 -0.02387 0.04024 17.3547 -3.66972 89.8836
0.80178 -0.026736 0.04585 18.1565 -3.69645 89.9295
0.80345 -0.030541 0.04936 18.96 -3.727 89.9788
0.80823 -0.031633 0.05454 19.7682 -3.75863 90.0334
0.81374 -0.030783 0.0494 20.5819 -3.78941 90.0828
0.81754 -0.038789 0.04963 21.3995 -3.8282 90.1324
0.81788 -0.041441 0.05028 22.2173 -3.86964 90.1827
0.81697 -0.039147 0.045 23.0343 -3.90879 90.2277
0.81716 -0.039922 0.04605 23.8515 -3.94871 90.2737
0.81512 -0.043173 0.04358 24.6666 -3.99188 90.3173
0.81177 -0.039668 0.04768 25.4784 -4.03155 90.365
0.81043 -0.039123 0.04653 26.2888 -4.07067 90.4115
0.81129 -0.039368 0.04629 27.1001 -4.11004 90.4578
0.80983 -0.039242 0.0414 27.9099 -4.14928 90.4992
0.81188 -0.040087 0.03815 28.7218 -4.18937 90.5374
0.81164 -0.03834 0.03065 29.5334 -4.22771 90.568
0.80688 -0.036708 0.02087 30.3403 -4.26442 90.5889
0.80172 -0.034541 0.0137 31.142 -4.29896 90.6026
0.8012 -0.033572 0.0015 31.9432 -4.33253 90.6041
0.79745 -0.034267 -0.00576 32.7407 -4.3668 90.5983
0.79198 -0.034125 -0.01182 33.5327 -4.40092 90.5865
0.79157 -0.029589 -0.0241 34.3242 -4.43051 90.5624
0.78615 -0.029637 -0.03279 35.1104 -4.46015 90.5296
0.77876 -0.030314 -0.03959 35.8892 -4.49047 90.49
0.77448 -0.029345 -0.0475 36.6636 -4.51981 90.4425
0.7672 -0.028447 -0.0558 37.4308 -4.54826 90.3867
0.75875 -0.02889 -0.06312 38.1896 -4.57715 90.3236
0.75091 -0.029918 -0.07196 38.9405 -4.60707 90.2516
0.74314 -0.028087 -0.07536 39.6836 -4.63515 90.1763
0.73513 -0.028868 -0.08453 40.4188 -4.66402 90.0918
0.72698 -0.02819 -0.08886 41.1457 -4.69221 90.0029
0.7175 -0.02955 -0.09259 41.8632 -4.72176 89.9103
0.71159 -0.024819 -0.0942 42.5748 -4.74658 89.8161
0.6998 -0.023436 -0.09212 43.2746 -4.77001 89.724
0.68483 -0.023101 -0.08957 43.9595 -4.79312 89.6344
0.6717 -0.022147 -0.08793 44.6312 -4.81526 89.5465
0.65381 -0.021797 -0.08627 45.285 -4.83706 89.4602
0.63783 -0.021623 -0.08166 45.9228 -4.85868 89.3786
0.61979 -0.021913 -0.07206 46.5426 -4.8806 89.3065
0.60138 -0.02234 -0.06199 47.144 -4.90294 89.2445
0.58234 -0.02341 -0.05126 47.7263 -4.92635 89.1933
0.56248 -0.023698 -0.04045 48.2888 -4.95004 89.1528
0.54268 -0.023075 -0.02585 48.8315 -4.97312 89.1269
0.535 -0.02829 -0.00582 49.3665 -5.00141 89.1211
0.52729 -0.028569 0.00905 49.8938 -5.02998 89.1302
0.52294 -0.026501 0.01824 50.4167 -5.05648 89.1484
0.52271 -0.027219 0.04312 50.9394 -5.0837 89.1915
0.51738 -0.027424 0.06432 51.4568 -5.11112 89.2559
0.50705 -0.028834 0.0797 51.9638 -5.13996 89.3356
0.50023 -0.028351 0.11537 52.4641 -5.16831 89.4509
0.49577 -0.029579 0.14178 52.9598 -5.19789 89.5927
0.47072 -0.030509 0.15766 53.4306 -5.22839 89.7504
0.45889 -0.025663 0.19489 53.8894 -5.25406 89.9453
0.44209 -0.02698 0.21893 54.3315 -5.28104 90.1642
0.40735 -0.026727 0.22441 54.7389 -5.30776 90.3886
0.3943 -0.029105 0.27237 55.1332 -5.33687 90.661
0.3583 -0.025243 0.28063 55.4915 -5.36211 90.9416
0.34444 -0.027624 0.32952 55.8359 -5.38974 91.2711
0.32252 -0.028428 0.34918 56.1585 -5.41817 91.6203
0.2901 -0.029888 0.34585 56.4485 -5.44805 91.9661
0.27389 -0.031056 0.38987 56.7224 -5.47911 92.356
0.24549 -0.031425 0.4089 56.9679 -5.51053 92.7649
0.20735 -0.028919 0.40635 57.1753 -5.53945 93.1713
0.19477 -0.024996 0.43935 57.37 -5.56445 93.6106
0.16987 -0.026538 0.45058 57.5399 -5.59099 94.0612
0.14446 -0.021679 0.44678 57.6844 -5.61267 94.508
0.12804 -0.015352 0.47362 57.8124 -5.62802 94.9816
0.11478 -0.010476 0.46528 57.9272 -5.63849 95.4469
0.11456 -0.010008 0.478 58.0418 -5.6485 95.9249
0.12048 -0.013475 0.47729 58.1622 -5.66198 96.4022
0.11507 -0.018162 0.4822 58.2773 -5.68014 96.8844
0.10596 -0.012468 0.49598 58.3833 -5.69261 97.3804
0.10367 -0.006103 0.50771 58.4869 -5.69871 97.8881
0.10252 -0.014171 0.51539 58.5895 -5.71288 98.4035
0.10727 -0.019429 0.52485 58.6967 -5.73231 98.9283
0.11726 -0.023828 0.53257 58.814 -5.75614 99.4609
0.12637 -0.022349 0.54153 58.9404 -5.77849 100.002
0.13415 -0.019404 0.5481 59.0745 -5.79789 100.55
0.13525 -0.020671 0.5601 59.2098 -5.81856 101.111
0.13347 -0.026208 0.582 59.3432 -5.84477 101.693
0.13656 -0.027898 0.5927 59.4798 -5.87267 102.285
0.15567 -0.028303 0.603 59.6355 -5.90097 102.888
0.16334 -0.027104 0.6115 59.7988 -5.92807 103.5
0.16574 -0.025479 0.6246 59.9645 -5.95355 104.124
0.1697 -0.021636 0.63 60.1342 -5.97519 104.754
0.1749 -0.02306 0.6379 60.3091 -5.99825 105.392
0.17165 -0.024818 0.6431 60.4808 -6.02307 106.035
0.16894 -0.02595 0.6569 60.6497 -6.04902 106.692
0.16939 -0.026544 0.6714 60.8191 -6.07556 107.364
0.17598 -0.027589 0.691 60.9951 -6.10315 108.055
0.18212 -0.032286 0.706 61.1772 -6.13544 108.761
0.17786 -0.033377 0.7171 61.3551 -6.16881 109.478
0.17251 -0.029207 0.7224 61.5276 -6.19802 110.2
0.16868 -0.027311 0.7293 61.6963 -6.22533 110.93
0.17787 -0.026969 0.7397 61.8741 -6.2523 111.669
0.17898 -0.029717 0.7522 62.0531 -6.28202 112.421
0.18105 -0.033222 0.7677 62.2342 -6.31524 113.189
0.18341 -0.036169 0.7758 62.4176 -6.35141 113.965
0.18266 -0.035995 0.7902 62.6002 -6.3874 114.755
0.18459 -0.031924 0.8092 62.7848 -6.41933 115.564
0.18889 -0.031178 0.8089 62.9737 -6.45051 116.373
0.18367 -0.033437 0.8194 63.1574 -6.48394 117.193
0.17724 -0.033642 0.8195 63.3346 -6.51759 118.012
0.17783 -0.033446 0.8243 63.5125 -6.55103 118.836
0.17884 -0.032288 0.8295 63.6913 -6.58332 119.666
0.17903 -0.036424 0.8367 63.8703 -6.61974 120.503
0.18703 -0.038336 0.8401 64.0574 -6.65808 121.343
0.19589 -0.037177 0.8382 64.2532 -6.69526 122.181
0.19656 -0.03291 0.8406 64.4498 -6.72817 123.022
0.20605 -0.024701 0.8552 64.6559 -6.75287 123.877
0.20864 -0.031368 0.8474 64.8645 -6.78423 124.724
0.20179 -0.033957 0.8471 65.0663 -6.81819 125.571
0.1958 -0.031153 0.8514 65.2621 -6.84934 126.423
0.19695 -0.029406 0.852 65.459 -6.87875 127.275
0.19905 -0.034294 0.8459 65.6581 -6.91305 128.12
0.20668 -0.041972 0.8205 65.8648 -6.95502 128.941
0.21589 -0.045692 0.8075 66.0807 -7.00071 129.749
0.2177 -0.04613 0.8088 66.2984 -7.04684 130.557
0.21215 -0.045298 0.8255 66.5105 -7.09214 131.383
0.21214 -0.042396 0.8426 66.7227 -7.13453 132.225
0.20943 -0.043232 0.8347 66.9321 -7.17776 133.06
0.20338 -0.025706 0.8074 67.1355 -7.20347 133.868
0.19851 -0.018234 0.7951 67.334 -7.22171 134.663
0.20549 -0.018712 0.7973 67.5395 -7.24042 135.46
0.20876 -0.035151 0.8026 67.7482 -7.27557 136.262
0.19168 -0.032083 0.8098 67.9399 -7.30765 137.072
0.18669 -0.021943 0.8003 68.1266 -7.32959 137.873
0.18489 -0.017851 0.7962 68.3115 -7.34744 138.669
0.1759 -0.028549 0.813 68.4874 -7.37599 139.482
0.16797 -0.02466 0.7844 68.6553 -7.40065 140.266
0.17545 -0.030772 0.8007 68.8308 -7.43143 141.067
0.17975 -0.029879 0.7993 69.0105 -7.46131 141.866
0.17734 -0.030849 0.7936 69.1879 -7.49215 142.66
0.17194 -0.030173 0.7912 69.3598 -7.52233 143.451
0.17272 -0.026164 0.7836 69.5326 -7.54849 144.235
0.16161 -0.031335 0.7938 69.6942 -7.57983 145.028
0.15046 -0.03313 0.8014 69.8446 -7.61296 145.83
0.14815 -0.033034 0.8044 69.9928 -7.64599 146.634
0.13873 -0.022872 0.8053 70.1315 -7.66886 147.44
0.12588 -0.021535 0.8012 70.2574 -7.6904 148.241
0.12243 -0.021683 0.7923 70.3798 -7.71208 149.033
0.12816 -0.02063 0.7869 70.508 -7.73271 149.82
0.1261 -0.019199 0.7954 70.6341 -7.75191 150.615
0.11925 -0.027103 0.8067 70.7533 -7.77901 151.422
0.10371 -0.033417 0.815 70.857 -7.81243 152.237
0.0956 -0.028975 0.8118 70.9526 -7.8414 153.049
0.09956 -0.02701 0.8061 71.0522 -7.86841 153.855
0.09609 -0.022835 0.81 71.1483 -7.89125 154.665
0.0884 -0.025669 0.8177 71.2367 -7.91692 155.483
0.06943 -0.023019 0.8252 71.3061 -7.93994 156.308
0.06226 -0.026367 0.8282 71.3684 -7.9663 157.136
0.06238 -0.023993 0.8226 71.4308 -7.9903 157.959
0.05995 -0.022315 0.8214 71.4907 -8.01261 158.78
0.05495 -0.023725 0.8218 71.5456 -8.03634 159.602
0.04641 -0.026345 0.8187 71.5921 -8.06268 160.421
0.03548 -0.022495 0.8178 71.6275 -8.08518 161.238
0.03747 -0.020181 0.8166 71.665 -8.10536 162.055
0.04055 -0.018688 0.8342 71.7056 -8.12405 162.889
0.03402 -0.016326 0.8395 71.7396 -8.14037 163.729
0.03582 -0.017831 0.8352 71.7754 -8.1582 164.564
0.03585 -0.015246 0.823 71.8113 -8.17345 165.387
0.04441 -0.014923 0.8142 71.8557 -8.18837 166.201
0.03346 -0.008753 0.8177 71.8891 -8.19712 167.019
0.01237 -0.01259 0.8278 71.9015 -8.20971 167.846
0.01298 -0.016259 0.8346 71.9145 -8.22597 168.681
0.01619 -0.014685 0.8362 71.9307 -8.24066 169.517
0.01354 -0.01061 0.8409 71.9442 -8.25127 170.358
0.00616 -0.014629 0.843 71.9504 -8.2659 171.201
-0.00324 -0.015997 0.8367 71.9471 -8.2819 172.038
-0.00289 -0.014 0.8291 71.9442 -8.29589 172.867
0.00187 -0.0191 0.8323 71.9461 -8.31499 173.699
-0.02368 -0.017772 0.8524 71.9224 -8.33277 174.552
-0.04165 -0.017451 0.8595 71.8808 -8.35022 175.411
-0.04271 -0.01899 0.8549 71.8381 -8.36921 176.266
-0.03758 -0.011735 0.8443 71.8005 -8.38094 177.11
-0.04118 -0.011545 0.8373 71.7593 -8.39249 177.948
-0.05426 -0.016244 0.8376 71.705 -8.40873 178.785
-0.04503 -0.018919 0.8463 71.66 -8.42765 179.632
-0.03063 -0.023664 0.8577 71.6294 -8.45131 180.489
-0.04263 -0.020603 0.8618 71.5867 -8.47192 181.351
-0.04856 -0.023264 0.863 71.5382 -8.49518 182.214
-0.04237 -0.023808 0.8553 71.4958 -8.51899 183.069
-0.04418 -0.024222 0.8486 71.4516 -8.54321 183.918
-0.03201 -0.024634 0.8448 71.4196 -8.56785 184.763
-0.02977 -0.02824 0.8482 71.3899 -8.59609 185.611
-0.04855 -0.029421 0.8604 71.3413 -8.62551 186.471
-0.05732 -0.033673 0.8618 71.284 -8.65918 187.333
-0.05479 -0.028935 0.8486 71.2292 -8.68811 188.182
-0.04656 -0.024741 0.8384 71.1826 -8.71286 189.02
-0.04579 -0.02361 0.836 71.1368 -8.73647 189.856
-0.06108 -0.024909 0.8385 71.0758 -8.76137 190.695
-0.05613 -0.027186 0.841 71.0196 -8.78856 191.536
-0.05539 -0.028149 0.8375 70.9643 -8.81671 192.373
-0.05606 -0.022176 0.8351 70.9082 -8.83889 193.208
-0.06086 -0.022491 0.8317 70.8473 -8.86138 194.04
-0.05618 -0.02353 0.8235 70.7912 -8.88491 194.863
-0.05891 -0.021169 0.8128 70.7322 -8.90608 195.676
-0.06141 -0.01767 0.8134 70.6708 -8.92375 196.49
-0.04172 -0.015128 0.706 70.6291 -8.93887 197.196
-0.04178 -0.01515 0.7069 70.5873 -8.95402 197.903
-0.04176 -0.015138 0.7065 70.5456 -8.96916 198.609
-0.04177 -0.015139 0.7066 70.5038 -8.9843 199.316
-0.04178 -0.01514 0.7065 70.462 -8.99944 200.022
-0.04175 -0.015129 0.7062 70.4203 -9.01457 200.728
-0.04175 -0.015121 0.7058 70.3785 -9.02969 201.434
-0.04185 -0.015158 0.7075 70.3367 -9.04485 202.142
-0.04176 -0.015123 0.706 70.2949 -9.05997 202.848
-0.04183 -0.015144 0.7069 70.2531 -9.07512 203.555
-0.0418 -0.015132 0.7064 70.2113 -9.09025 204.261
-0.04176 -0.015114 0.7056 70.1695 -9.10536 204.967
-0.04184 -0.015136 0.7066 70.1277 -9.1205 205.673
-0.04178 -0.015116 0.7058 70.0859 -9.13561 206.379
-0.04184 -0.015133 0.7066 70.0441 -9.15075 207.086
-0.04501 -0.014543 0.7115 69.999 -9.16529 207.797
-0.01299 -0.020419 0.6482 69.9861 -9.18571 208.445
-0.003 -0.022404 0.6478 69.9831 -9.20811 209.093
0.01158 -0.027658 0.6469 69.9946 -9.23577 209.74
0.01314 -0.0256 0.6357 70.0078 -9.26137 210.376
0.00786 -0.02214 0.6382 70.0156 -9.28351 211.014
0.00387 -0.018719 0.6359 70.0195 -9.30223 211.65
0.00657 -0.014804 0.6461 70.0261 -9.31703 212.296
0.00431 -0.016382 0.6486 70.0304 -9.33342 212.945
-8e-05 -0.013519 0.6574 70.0303 -9.34694 213.602
-0.01269 -0.014559 0.6505 70.0176 -9.36149 214.252
-0.00973 -0.01657 0.6504 70.0079 -9.37806 214.903
-0.00145 -0.019088 0.6537 70.0064 -9.39715 215.556
0.00679 -0.018269 0.6607 70.0132 -9.41542 216.217
-0.00711 -0.013908 0.6761 70.0061 -9.42933 216.893
-0.02331 -0.022786 0.6855 69.9828 -9.45211 217.579
-0.0107 -0.02186 0.6919 69.9721 -9.47397 218.271
-0.00448 -0.01359 0.6936 69.9676 -9.48757 218.964
-0.01112 -0.007846 0.682 69.9565 -9.49541 219.646
-0.02215 -0.014912 0.6711 69.9344 -9.51032 220.317
0.00583 -0.030173 0.653 69.9402 -9.5405 220.97
0.02035 -0.027255 0.6543 69.9605 -9.56775 221.625
0.01231 -0.024121 0.6808 69.9728 -9.59187 222.305
0.00834 -0.024014 0.6863 69.9812 -9.61589 222.992
0.00311 -0.034717 0.6805 69.9843 -9.6506 223.672
-0.00267 -0.033147 0.6814 69.9816 -9.68375 224.354
0.00379 -0.032858 0.6741 69.9854 -9.71661 225.028
0.00065 -0.025637 0.6856 69.9861 -9.74225 225.713
-0.0042 -0.029098 0.6857 69.9819 -9.77134 226.399
-0.01238 -0.021452 0.6907 69.9695 -9.79279 227.09
-0.00831 -0.026204 0.6834 69.9612 -9.819 227.773
-0.01199 -0.021709 0.6813 69.9492 -9.84071 228.454
-0.01057 -0.022816 0.6713 69.9386 -9.86352 229.126
-0.01433 -0.021218 0.6669 69.9243 -9.88474 229.793
-0.01712 -0.025039 0.6616 69.9072 -9.90978 230.454
-0.02082 -0.02783 0.6579 69.8863 -9.93761 231.112
-0.0149 -0.026892 0.6568 69.8714 -9.9645 231.769
-0.01162 -0.028386 0.6492 69.8598 -9.99289 232.418
-0.01537 -0.021201 0.6223 69.8445 -10.0141 233.041
-0.01736 -0.01948 0.6095 69.8271 -10.0336 233.65
-0.0169 -0.01409 0.5976 69.8102 -10.0477 234.248
-0.00924 -0.01132 0.5706 69.801 -10.059 234.818
-0.01817 -0.0099 0.5477 69.7828 -10.0689 235.366
-0.02783 -0.00953 0.5309 69.755 -10.0784 235.897
-0.0404 -0.00695 0.5206 69.7146 -10.0854 236.417
-0.05051 -0.00363 0.5143 69.6641 -10.089 236.932
-0.06109 -0.00397 0.5055 69.603 -10.093 237.437
-0.08209 -0.00667 0.5055 69.5209 -10.0996 237.943
-0.09545 -0.00627 0.4989 69.4254 -10.1059 238.442
-0.11042 -0.00979 0.4785 69.315 -10.1157 238.92
-0.12989 -0.00987 0.4748 69.1851 -10.1256 239.395
-0.16294 -0.00932 0.4367 69.0222 -10.1349 239.832
-0.17575 -0.00555 0.445 68.8464 -10.1404 240.277
-0.19867 -0.006 0.4325 68.6478 -10.1464 240.709
-0.2328 -0.00452 0.3834 68.415 -10.1509 241.093
-0.24886 -0.01679 0.3869 68.1661 -10.1677 241.479
-0.26703 -0.01374 0.3692 67.8991 -10.1815 241.849
-0.28969 -0.00011 0.313 67.6094 -10.1816 242.162
-0.2911 -0.00163 0.3312 67.3183 -10.1832 242.493
-0.30937 -0.00094 0.3171 67.0089 -10.1842 242.81
-0.33599 0.01305 0.2603 66.6729 -10.1711 243.07
-0.34067 0.00725 0.274 66.3322 -10.1639 243.344
-0.34977 0.01229 0.247 65.9825 -10.1516 243.591
-0.36142 0.01852 0.1933 65.621 -10.1331 243.785
-0.36094 0.01517 0.2074 65.2601 -10.1179 243.992
-0.36227 0.02193 0.1925 64.8978 -10.096 244.184
-0.37742 0.02437 0.1356 64.5204 -10.0716 244.32
-0.38012 0.03023 0.1543 64.1403 -10.0413 244.474
-0.40983 0.02996 0.0976 63.7305 -10.0114 244.572
-0.42197 0.029141 0.1112 63.3085 -9.98225 244.683
-0.44099 0.02544 0.0896 62.8675 -9.95681 244.773
-0.46226 0.027007 0.0524 62.4053 -9.9298 244.825
-0.46559 0.028153 0.0593 61.9397 -9.90165 244.884
-0.48072 0.028002 0.0416 61.4589 -9.87365 244.926
-0.49699 0.029329 0.0154 60.962 -9.84432 244.941
-0.50045 0.032508 0.0125 60.4615 -9.81181 244.954
-0.51408 0.032756 -0.0019 59.9474 -9.77905 244.952
-0.52558 0.029902 -0.0063 59.4218 -9.74915 244.946
-0.53625 0.028492 -0.0174 58.8856 -9.72066 244.928
-0.55022 0.0291 -0.0262 58.3354 -9.69156 244.902
-0.56419 0.030617 -0.0257 57.7712 -9.66094 244.876
-0.57877 0.031453 -0.0261 57.1924 -9.62949 244.85
-0.59643 0.031044 -0.0263 56.596 -9.59845 244.824
-0.61483 0.031069 -0.0262 55.9811 -9.56738 244.798
-0.63298 0.032634 -0.0269 55.3482 -9.53474 244.771
-0.65413 0.032887 -0.0271 54.694 -9.50186 244.744
-0.67275 0.033889 -0.0259 54.0213 -9.46797 244.718
-0.68356 0.039899 -0.0421 53.3377 -9.42807 244.676
-0.68731 0.051871 -0.071 52.6504 -9.3762 244.605
-0.70631 0.054622 -0.0769 51.9441 -9.32157 244.528
-0.73743 0.050124 -0.0665 51.2067 -9.27145 244.461
-0.75471 0.048577 -0.0707 50.452 -9.22287 244.391
-0.78471 0.046128 -0.0564 49.6673 -9.17675 244.334
-0.79912 0.03709 -0.0498 48.8681 -9.13966 244.285
-0.81007 0.030671 -0.0495 48.0581 -9.10899 244.235
-0.83353 0.034052 -0.0459 47.2245 -9.07493 244.189
-0.84268 0.035113 -0.0481 46.3819 -9.03982 244.141
-0.86681 0.037158 -0.0401 45.5151 -9.00266 244.101
-0.86497 0.036311 -0.0444 44.6501 -8.96635 244.056
-0.8681 0.040319 -0.0405 43.782 -8.92603 244.016
-0.86019 0.03722 -0.0468 42.9218 -8.88881 243.969
-0.86165 0.037119 -0.0425 42.0601 -8.85169 243.927
-0.86672 0.037014 -0.0426 41.1934 -8.81468 243.884
-0.87683 0.036868 -0.0438 40.3166 -8.77781 243.84
-0.86825 0.037286 -0.0466 39.4483 -8.74052 243.794
-0.8693 0.04117 -0.0513 38.579 -8.69936 243.742
-0.8721 0.057681 -0.02 37.7069 -8.64167 243.722
-0.87497 0.057359 -0.0206 36.832 -8.58432 243.702
-0.86665 0.050558 -0.038 35.9653 -8.53376 243.664
-0.87043 0.052662 -0.034 35.0949 -8.48109 243.63
-0.86706 0.052387 -0.046 34.2278 -8.42871 243.584
-0.88589 0.055399 -0.0432 33.3419 -8.37331 243.541
-0.86899 0.04834 -0.0516 32.4729 -8.32497 243.489
-0.88048 0.040495 -0.0475 31.5925 -8.28447 243.441
-0.87266 0.038673 -0.0486 30.7198 -8.2458 243.393
-0.86786 0.031301 -0.0447 29.8519 -8.2145 243.348
-0.86486 0.025373 -0.0332 28.9871 -8.18913 243.315
-0.86256 0.037135 -0.0301 28.1245 -8.15199 243.285
-0.86033 0.033936 -0.0264 27.2642 -8.11806 243.258
-0.84968 0.033231 -0.0287 26.4145 -8.08483 243.23
-0.85143 0.039059 -0.0217 25.5631 -8.04577 243.208
-0.83904 0.03561 -0.0332 24.724 -8.01016 243.175
-0.84336 0.024399 -0.0358 23.8807 -7.98576 243.139
-0.83344 0.027306 -0.0246 23.0472 -7.95845 243.114
-0.83686 0.024974 -0.0235 22.2104 -7.93348 243.091
-0.82916 0.023318 -0.0359 21.3812 -7.91016 243.055
-0.82587 0.022907 -0.0379 20.5554 -7.88725 243.017
-0.81903 0.021776 -0.0377 19.7363 -7.86548 242.98
-0.81084 0.021426 -0.039 18.9255 -7.84405 242.94
-0.80904 0.019422 -0.0425 18.1165 -7.82463 242.898
-0.80538 0.022114 -0.0476 17.3111 -7.80251 242.85
-0.80876 0.023949 -0.0509 16.5023 -7.77857 242.799
-0.80084 0.030333 -0.0569 15.7015 -7.74823 242.743
-0.79968 0.025112 -0.0598 14.9018 -7.72312 242.683
-0.79342 0.025278 -0.0707 14.1084 -7.69784 242.612
-0.78577 0.025019 -0.0759 13.3226 -7.67282 242.536
-0.7806 0.021986 -0.0809 12.542 -7.65084 242.455
-0.77117 0.02358 -0.0786 11.7708 -7.62726 242.377
-0.76171 0.022644 -0.0808 11.0091 -7.60461 242.296
-0.75104 0.023533 -0.0778 10.2581 -7.58108 242.218
-0.742963 0.015259 -0.0751 9.51512 -7.56582 242.143
-0.727328 0.015474 -0.0735 8.78779 -7.55035 242.07
-0.710508 0.016006 -0.0722 8.07728 -7.53434 241.997
-0.695399 0.020906 -0.0683 7.38188 -7.51344 241.929
-0.681788 0.016559 -0.0642 6.70009 -7.49688 241.865
-0.667948 0.018495 -0.0594 6.03215 -7.47838 241.805
-0.655589 0.015876 -0.0566 5.37656 -7.46251 241.749
-0.636771 0.018984 -0.053 4.73979 -7.44352 241.696
-0.625366 0.018485 -0.0487 4.11442 -7.42504 241.647
-0.6094 0.021334 -0.0415 3.50502 -7.4037 241.606
-0.597205 0.020691 -0.0391 2.90781 -7.38301 241.566
-0.581906 0.019161 -0.0428 2.32591 -7.36385 241.524
-0.565835 0.019403 -0.0396 1.76007 -7.34445 241.484
-0.547036 0.017398 -0.035 1.21304 -7.32705 241.449
-0.528185 0.016235 -0.027 0.684853 -7.31081 241.422
-0.514518 0.011296 -0.0226 0.170335 -7.29952 241.399
-0.49512 0.014405 -0.0207 -0.324785 -7.28511 241.379
-0.479912 0.014453 -0.017 -0.804697 -7.27066 241.362
-0.46259 0.016898 -0.0157 -1.26729 -7.25376 241.346
-0.449841 0.015739 -0.0156 -1.71713 -7.23802 241.331
-0.429933 0.010717 -0.0081 -2.14706 -7.22731 241.322
-0.412632 0.010234 -0.0041 -2.55969 -7.21707 241.318
-0.397636 0.013131 -0.0007 -2.95733 -7.20394 241.318
-0.377716 0.012403 0.0035 -3.33505 -7.19154 241.321
-0.358648 0.007722 0.0079 -3.69369 -7.18382 241.329
-0.344415 0.0116 0.0085 -4.03811 -7.17222 241.338
-0.324588 0.007588 0.0102 -4.3627 -7.16463 241.348
-0.300871 0.008459 0.0092 -4.66357 -7.15617 241.357
-0.279586 0.002935 0.0086 -4.94315 -7.15323 241.365
-0.252455 0.004668 0.0096 -5.19561 -7.14857 241.375
-0.227871 0.002621 0.0114 -5.42348 -7.14595 241.387
-0.194261 -0.000431 0.0128 -5.61774 -7.14638 241.399
-0.170235 0.001058 0.0117 -5.78798 -7.14532 241.411
-0.147636 0.003798 0.0101 -5.93561 -7.14152 241.421
-0.119572 0.000986 0.0077 -6.05518 -7.14053 241.429
-0.09376 -0.000828 0.0069 -6.14894 -7.14136 241.436
-0.075501 0.000437 0.0066 -6.22444 -7.14093 241.442
-0.067775 -0.003257 0.0058 -6.29222 -7.14418 241.448
-0.05539 -0.003123 0.0054 -6.34761 -7.14731 241.453
-0.0443 -0.004179 0.0041 -6.39191 -7.15148 241.458
-0.029992 -0.002978 0.001 -6.4219 -7.15446 241.459
-0.019133 -0.002816 -0.0012 -6.44103 -7.15728 241.457
-0.007306 -0.001046 -0.001 -6.44834 -7.15832 241.456
0.002459 -0.000102 -0.0002 -6.44588 -7.15843 241.456
0.004441 -0.000974 -0.0001 -6.44144 -7.1594 241.456
0.000321 -0.001811 0.0002 -6.44112 -7.16121 241.456
-4.3e-05 -0.000746 0.0028 -6.44116 -7.16196 241.459
0.001235 0.001032 0.0035 -6.43993 -7.16092 241.463
0.004198 -0.001802 0.0057 -6.43573 -7.16273 241.468
0.000497 -0.001522 0.005 -6.43523 -7.16425 241.473
-0.005208 -0.001894 0.0095 -6.44044 -7.16614 241.483
-0.008885 0.003849 0.0052 -6.44932 -7.16229 241.488
-0.013028 0.004398 0.0055 -6.46235 -7.1579 241.494
-0.018254 0.004666 0.0046 -6.48061 -7.15323 241.498
-0.021808 0.000728 0.0037 -6.50242 -7.1525 241.502
-0.025924 0.001247 0.0042 -6.52834 -7.15125 241.506
-0.031925 0.000745 0.0017 -6.56026 -7.15051 241.508
-0.043591 0.001214 0.0013 -6.60386 -7.1493 241.509
-0.058881 0.000132 0.0033 -6.66274 -7.14916 241.512
-0.079752 0.001694 0.0038 -6.74249 -7.14747 241.516
-0.098717 0.000708 0.0068 -6.84121 -7.14676 241.523
-0.119358 0.00069 0.0074 -6.96056 -7.14607 241.53
-0.138688 0.000975 0.0114 -7.09925 -7.1451 241.542
-0.157523 0.002129 0.0143 -7.25677 -7.14297 241.556
-0.177208 0.004844 0.019 -7.43398 -7.13812 241.575
-0.193323 0.007421 0.0229 -7.6273 -7.1307 241.598
-0.207675 0.008126 0.0255 -7.83498 -7.12258 241.623
-0.220754 0.00539 0.0378 -8.05573 -7.11719 241.661
-0.237437 0.002652 0.0438 -8.29317 -7.11454 241.705
-0.247692 0.003518 0.0546 -8.54086 -7.11102 241.76
-0.252464 0.008184 0.061 -8.79333 -7.10283 241.821
-0.257305 0.004832 0.0702 -9.05063 -7.098 241.891
-0.266092 0.005526 0.0942 -9.31672 -7.09248 241.985
-0.271507 0.004227 0.1122 -9.58823 -7.08825 242.097
-0.275375 0.002894 0.1105 -9.86361 -7.08535 242.208
-0.284464 0.003899 0.1435 -10.1481 -7.08146 242.351
-0.28906 0.005424 0.1342 -10.4371 -7.07603 242.485
-0.29053 0.006471 0.1762 -10.7277 -7.06956 242.662
-0.28693 0.005231 0.197 -11.0146 -7.06433 242.859
-0.28129 0.00516 0.1885 -11.2959 -7.05917 243.047
-0.27029 0.00056 0.247 -11.5662 -7.05861 243.294
-0.26164 -0.001099 0.2709 -11.8278 -7.05971 243.565
-0.25136 0.005484 0.245 -12.0792 -7.05422 243.81
-0.2385 0.006149 0.3118 -12.3177 -7.04807 244.122
-0.23074 0.007874 0.2848 -12.5484 -7.0402 244.407
-0.21804 0.000974 0.364 -12.7665 -7.03923 244.771
-0.20342 -0.002643 0.3935 -12.9699 -7.04187 245.164
-0.18238 -0.003651 0.3708 -13.1523 -7.04552 245.535
-0.16603 -0.01094 0.4449 -13.3183 -7.05646 245.98
-0.1513 -0.010372 0.4614 -13.4696 -7.06683 246.441
-0.13313 -0.007236 0.4457 -13.6027 -7.07407 246.887
-0.11964 -0.007668 0.495 -13.7224 -7.08174 247.382
-0.10576 -0.009969 0.4954 -13.8281 -7.09171 247.877
-0.09085 -0.016277 0.5453 -13.919 -7.10798 248.423
-0.07465 -0.018081 0.5665 -13.9936 -7.12606 248.989
-0.06391 -0.017033 0.5689 -14.0575 -7.1431 249.558
-0.04601 -0.018204 0.6106 -14.1035 -7.1613 250.169
-0.03884 -0.015893 0.6074 -14.1424 -7.17719 250.776
-0.03384 -0.016916 0.6299 -14.1762 -7.19411 251.406
-0.03466 -0.01695 0.6518 -14.2109 -7.21106 252.058
-0.02949 -0.016399 0.6666 -14.2404 -7.22746 252.724
-0.02433 -0.016949 0.6807 -14.2647 -7.24441 253.405
-0.02266 -0.01808 0.6981 -14.2873 -7.26249 254.103
-0.01977 -0.019933 0.7138 -14.3071 -7.28242 254.817
-0.02177 -0.02003 0.7273 -14.3289 -7.30245 255.544
-0.02082 -0.020667 0.746 -14.3497 -7.32312 256.29
-0.02605 -0.018457 0.7646 -14.3758 -7.34157 257.055
-0.02389 -0.016836 0.7828 -14.3996 -7.35841 257.838
-0.02295 -0.014249 0.7947 -14.4226 -7.37266 258.632
-0.02472 -0.012722 0.8086 -14.4473 -7.38538 259.441
-0.02406 -0.010653 0.8223 -14.4714 -7.39604 260.263
-0.02748 -0.01374 0.8309 -14.4989 -7.40977 261.094
-0.02988 -0.017419 0.8493 -14.5287 -7.42719 261.943
-0.03285 -0.020837 0.8644 -14.5616 -7.44803 262.808
-0.03005 -0.020829 0.8841 -14.5916 -7.46886 263.692
-0.03142 -0.020672 0.8937 -14.6231 -7.48953 264.586
-0.02976 -0.018109 0.9061 -14.6528 -7.50764 265.492
-0.02873 -0.01525 0.9121 -14.6815 -7.52289 266.404
-0.02714 -0.012681 0.9192 -14.7087 -7.53557 267.323
-0.03107 -0.01659 0.9314 -14.7398 -7.55216 268.254
-0.0358 -0.023454 0.9441 -14.7756 -7.57562 269.199
-0.03868 -0.02942 0.9633 -14.8142 -7.60504 270.162
-0.0441 -0.03128 0.973 -14.8583 -7.63632 271.135
-0.0432 -0.02986 0.9871 -14.9015 -7.66618 272.122
-0.04246 -0.025922 1.0038 -14.944 -7.6921 273.126
-0.02953 -0.024952 1.009 -14.9735 -7.71705 274.135
-0.03234 -0.020787 1.0076 -15.0059 -7.73784 275.142
-0.02947 -0.023673 1.0134 -15.0353 -7.76151 276.156
-0.03421 -0.025716 1.02 -15.0695 -7.78723 277.176
-0.0334 -0.029746 1.0321 -15.1029 -7.81697 278.208
-0.03799 -0.030473 1.0375 -15.1409 -7.84744 279.245
-0.03427 -0.026556 1.0483 -15.1752 -7.874 280.294
-0.04038 -0.028475 1.0527 -15.2156 -7.90248 281.346
-0.04184 -0.028018 1.0514 -15.2574 -7.93049 282.398
-0.0398 -0.025445 1.0487 -15.2972 -7.95594 283.446
-0.04396 -0.03482 1.0514 -15.3412 -7.99076 284.498
-0.04469 -0.04047 1.0579 -15.3859 -8.03123 285.556
-0.05071 -0.038661 1.0639 -15.4366 -8.06989 286.62
-0.04779 -0.035214 1.0656 -15.4844 -8.1051 287.685
-0.05124 -0.034533 1.0654 -15.5356 -8.13964 288.751
-0.05017 -0.031586 1.0603 -15.5858 -8.17122 289.811
-0.05255 -0.028026 1.0555 -15.6383 -8.19925 290.866
-0.04902 -0.025302 1.0483 -15.6874 -8.22455 291.915
-0.04888 -0.027127 1.0449 -15.7362 -8.25168 292.96
-0.05112 -0.030199 1.0384 -15.7874 -8.28188 293.998
-0.0475 -0.031839 1.0385 -15.8349 -8.31372 295.036
-0.05045 -0.03506 1.0354 -15.8853 -8.34878 296.072
-0.05033 -0.03672 1.0351 -15.9356 -8.3855 297.107
-0.05542 -0.038468 1.0321 -15.9911 -8.42396 298.139
-0.05591 -0.037577 1.0265 -16.047 -8.46154 299.166
-0.05596 -0.033125 1.0256 -16.1029 -8.49467 300.191
-0.059 -0.028185 1.0256 -16.1619 -8.52285 301.217
-0.05773 -0.02268 1.0295 -16.2197 -8.54553 302.246
-0.05745 -0.019152 1.028 -16.2771 -8.56468 303.274
-0.05722 -0.02055 1.0196 -16.3343 -8.58523 304.294
-0.05538 -0.021276 1.0202 -16.3897 -8.60651 305.314
-0.0566 -0.025343 1.0215 -16.4463 -8.63185 306.336
-0.05712 -0.03085 1.0209 -16.5034 -8.6627 307.356
-0.05626 -0.029485 1.0218 -16.5597 -8.69219 308.378
-0.05335 -0.030459 1.0215 -16.613 -8.72265 309.4
-0.05328 -0.032081 1.0299 -16.6663 -8.75473 310.43
-0.04303 -0.030289 1.0292 -16.7094 -8.78502 311.459
-0.04094 -0.028003 1.0314 -16.7503 -8.81302 312.49
-0.04598 -0.026945 1.0351 -16.7963 -8.83996 313.525
-0.04303 -0.027046 1.0379 -16.8393 -8.86701 314.563
-0.04459 -0.027764 1.0449 -16.8839 -8.89477 315.608
-0.04302 -0.027812 1.048 -16.9269 -8.92259 316.656
-0.04536 -0.0324 1.053 -16.9723 -8.95499 317.709
-0.04997 -0.028793 1.0599 -17.0222 -8.98378 318.769
-0.04681 -0.033647 1.0626 -17.0691 -9.01743 319.832
-0.04935 -0.03099 1.0614 -17.1184 -9.04842 320.893
-0.05374 -0.036294 1.0729 -17.1721 -9.08471 321.966
-0.05154 -0.037333 1.0795 -17.2237 -9.12204 323.046
-0.05802 -0.042105 1.0817 -17.2817 -9.16415 324.127
-0.05705 -0.038362 1.0842 -17.3388 -9.20251 325.211
-0.05711 -0.035679 1.0826 -17.3959 -9.23819 326.294
-0.05852 -0.034096 1.0814 -17.4544 -9.27229 327.375
-0.05456 -0.033218 1.0767 -17.5089 -9.3055 328.452
-0.05269 -0.033664 1.0723 -17.5616 -9.33917 329.524
-0.05256 -0.033848 1.0695 -17.6142 -9.37302 330.594
-0.05294 -0.035465 1.0682 -17.6671 -9.40848 331.662
-0.05188 -0.034206 1.0692 -17.719 -9.44269 332.731
-0.05685 -0.033851 1.0712 -17.7759 -9.47654 333.803
-0.06008 -0.032066 1.0703 -17.8359 -9.5086 334.873
-0.06449 -0.033313 1.0665 -17.9004 -9.54192 335.939
-0.05918 -0.030341 1.0559 -17.9596 -9.57226 336.995
-0.05826 -0.029978 1.0517 -18.0179 -9.60224 338.047
-0.05409 -0.032312 1.0511 -18.072 -9.63455 339.098
-0.05648 -0.037095 1.0363 -18.1284 -9.67164 340.134
-0.05615 -0.03695 1.0292 -18.1846 -9.70859 341.163
-0.05514 -0.033466 1.0178 -18.2397 -9.74206 342.181
-0.05591 -0.031224 1.0106 -18.2956 -9.77328 343.192
-0.05055 -0.027395 1.0004 -18.3462 -9.80068 344.192
-0.05202 -0.028693 0.9921 -18.3982 -9.82937 345.184
-0.05487 -0.026403 0.9846 -18.4531 -9.85577 346.169
-0.05873 -0.026289 0.9752 -18.5118 -9.88206 347.144
-0.06067 -0.026831 0.9617 -18.5725 -9.90889 348.106
-0.06013 -0.026978 0.9503 -18.6326 -9.93587 349.056
-0.06002 -0.028478 0.9406 -18.6926 -9.96435 349.997
-0.06243 -0.028732 0.9282 -18.7551 -9.99308 350.925
-0.06265 -0.026989 0.9161 -18.8177 -10.0201 351.841
-0.05897 -0.02354 0.8965 -18.8767 -10.0436 352.738
-0.05563 -0.02138 0.8817 -18.9323 -10.065 353.619
-0.05414 -0.02503 0.8691 -18.9865 -10.09 354.488
-0.05253 -0.02647 0.8504 -19.039 -10.1165 355.339
-0.04546 -0.02712 0.8332 -19.0844 -10.1436 356.172
-0.04043 -0.02884 0.8104 -19.1249 -10.1724 356.982
-0.03683 -0.03135 0.7878 -19.1617 -10.2038 357.77
-0.02914 -0.03326 0.7745 -19.1908 -10.2371 358.545
-0.03009 -0.02542 0.7448 -19.2209 -10.2625 359.289
-0.03292 -0.02654 0.7226 -19.2538 -10.289 360.012
-0.02767 -0.02444 0.697 -19.2815 -10.3135 360.709
-0.02893 -0.02658 0.6686 -19.3104 -10.34 361.378
-0.02746 -0.02794 0.6447 -19.3379 -10.368 362.022
-0.02697 -0.02361 0.6258 -19.3649 -10.3916 362.648
-0.02517 -0.02132 0.6058 -19.39 -10.4129 363.254
-0.02258 -0.02096 0.5877 -19.4126 -10.4339 363.842
-0.02275 -0.02664 0.5631 -19.4354 -10.4605 364.405
-0.02296 -0.02496 0.5411 -19.4583 -10.4855 364.946
-0.02385 -0.02298 0.5106 -19.4822 -10.5084 365.457
-0.03074 -0.01921 0.4901 -19.5129 -10.5277 365.947
-0.03951 -0.02191 0.4708 -19.5524 -10.5496 366.417
-0.04329 -0.02081 0.4585 -19.5957 -10.5704 366.876
-0.05416 -0.02157 0.4462 -19.6499 -10.592 367.322
-0.06702 -0.02224 0.4335 -19.7169 -10.6142 367.756
-0.08065 -0.0218 0.4374 -19.7976 -10.636 368.193
-0.09467 -0.02036 0.4352 -19.8922 -10.6563 368.628
-0.09978 -0.01562 0.416 -19.992 -10.672 369.044
-0.11944 -0.02061 0.4266 -20.1115 -10.6926 369.471
-0.14064 -0.0223 0.4207 -20.2521 -10.7149 369.892
-0.16101 -0.01774 0.3757 -20.4131 -10.7326 370.267
-0.18325 -0.0147 0.3947 -20.5964 -10.7473 370.662
-0.1954 -0.01244 0.3923 -20.7918 -10.7598 371.054
-0.20273 -0.00947 0.3363 -20.9945 -10.7692 371.39
-0.23145 -0.01 0.3679 -21.2259 -10.7792 371.758
-0.2614 -0.01252 0.3608 -21.4873 -10.7918 372.119
-0.28059 0.00272 0.2928 -21.7679 -10.789 372.412
-0.30593 0.00418 0.3546 -22.0739 -10.7849 372.767
-0.32621 0.01043 0.3472 -22.4001 -10.7744 373.114
-0.34035 0.00473 0.2675 -22.7404 -10.7697 373.381
-0.37616 0.00716 0.3186 -23.1166 -10.7625 373.7
-0.39759 0.01434 0.2227 -23.5142 -10.7482 373.923
-0.41724 0.01845 0.2769 -23.9314 -10.7297 374.2
-0.43901 0.01806 0.2571 -24.3704 -10.7117 374.457
-0.45831 0.0078 0.1325 -24.8287 -10.7039 374.589
-0.48318 0.00898 0.1863 -25.3119 -10.6949 374.775
-0.49471 0.01233 0.1601 -25.8066 -10.6826 374.935
-0.50717 0.01283 0.0623 -26.3138 -10.6697 374.998
-0.53535 0.01219 0.1049 -26.8491 -10.6576 375.103
-0.55686 0.00769 0.0501 -27.406 -10.6499 375.153
-0.56298 0.01302 -0.0448 -27.969 -10.6368 375.108
-0.57235 0.01222 -0.0195 -28.5413 -10.6246 375.089
-0.58063 0.01905 -0.0558 -29.1219 -10.6056 375.033
-0.60028 0.02085 -0.0461 -29.7222 -10.5847 374.987
-0.60938 0.02436 -0.0562 -30.3316 -10.5604 374.93
-0.61493 0.02137 -0.068 -30.9465 -10.539 374.862
-0.61496 0.02008 -0.0735 -31.5615 -10.5189 374.789
-0.61708 0.02393 -0.0745 -32.1786 -10.495 374.714
-0.62872 0.02756 -0.0683 -32.8073 -10.4674 374.646
-0.64873 0.02204 -0.0637 -33.456 -10.4454 374.582
-0.66857 0.01528 -0.0631 -34.1246 -10.4301 374.519
-0.68192 0.0106 -0.065 -34.8065 -10.4195 374.454
-0.6875 0.01523 -0.069 -35.494 -10.4043 374.385
-0.69849 0.01813 -0.0733 -36.1925 -10.3861 374.312
-0.70972 0.02152 -0.0748 -36.9022 -10.3646 374.237
-0.72203 0.01954 -0.0741 -37.6243 -10.3451 374.163
-0.73609 0.0193 -0.0741 -38.3603 -10.3258 374.089
-0.75087 0.02077 -0.072 -39.1112 -10.305 374.017
-0.77337 0.01884 -0.0599 -39.8846 -10.2862 373.957
-0.7895 0.02321 -0.0662 -40.6741 -10.263 373.891
-0.80113 0.02221 -0.0632 -41.4752 -10.2408 373.828
-0.819 0.03149 -0.0599 -42.2942 -10.2093 373.768
-0.83113 0.0318 -0.0504 -43.1253 -10.1775 373.717
-0.85276 0.0342 -0.0488 -43.9781 -10.1433 373.669
-0.87316 0.03759 -0.05 -44.8513 -10.1057 373.619
-0.88262 0.03483 -0.048 -45.7339 -10.0708 373.571
-0.89237 0.0413 -0.0415 -46.6263 -10.0295 373.529
-0.89658 0.038537 -0.0382 -47.5228 -9.991 373.491
-0.89921 0.037861 -0.0406 -48.422 -9.95314 373.45
-0.9044 0.038767 -0.0414 -49.3265 -9.91437 373.409
-0.91091 0.037487 -0.0369 -50.2374 -9.87689 373.372
-0.91622 0.035286 -0.0351 -51.1536 -9.8416 373.337
-0.92197 0.034975 -0.0401 -52.0755 -9.80663 373.297
-0.92456 0.032694 -0.0393 -53.0001 -9.77393 373.257
-0.91908 0.035264 -0.0402 -53.9192 -9.73867 373.217
-0.91749 0.036715 -0.0431 -54.8367 -9.70195 373.174
-0.91793 0.035809 -0.0465 -55.7546 -9.66615 373.128
-0.91353 0.036197 -0.0453 -56.6681 -9.62995 373.082
-0.91484 0.034553 -0.042 -57.583 -9.59539 373.04
-0.90651 0.033843 -0.045 -58.4895 -9.56155 372.995
-0.91009 0.036178 -0.0458 -59.3996 -9.52537 372.95
-0.90896 0.037724 -0.0446 -60.3085 -9.48765 372.905
-0.90857 0.039891 -0.051 -61.2171 -9.44776 372.854
-0.91116 0.034333 -0.0569 -62.1283 -9.41343 372.797
-0.90282 0.034157 -0.0606 -63.0311 -9.37927 372.736
-0.90173 0.037368 -0.068 -63.9328 -9.3419 372.668
-0.89445 0.039492 -0.0687 -64.8273 -9.30241 372.6
-0.89472 0.03474 -0.0675 -65.722 -9.26767 372.532
-0.8932 0.033083 -0.0614 -66.6152 -9.23459 372.471
-0.89401 0.033667 -0.0688 -67.5092 -9.20092 372.402
-0.89602 0.029406 -0.0688 -68.4052 -9.17151 372.333
-0.89479 0.028355 -0.0616 -69.3 -9.14316 372.272
-0.88616 0.030486 -0.063 -70.1862 -9.11267 372.209
-0.88521 0.030845 -0.0624 -71.0714 -9.08183 372.146
-0.88711 0.030264 -0.0629 -71.9585 -9.05156 372.083
-0.88685 0.029658 -0.055 -72.8453 -9.02191 372.028
-0.88614 0.032712 -0.0525 -73.7315 -8.98919 371.976
-0.88164 0.034048 -0.0482 -74.6131 -8.95514 371.928
-0.8822 0.034492 -0.0416 -75.4953 -8.92065 371.886
-0.8743 0.034938 -0.0368 -76.3696 -8.88571 371.849
-0.87417 0.032187 -0.0317 -77.2438 -8.85353 371.818
-0.87226 0.031538 -0.0303 -78.1161 -8.82199 371.787
-0.86869 0.028917 -0.0271 -78.9847 -8.79307 371.76
-0.865 0.025808 -0.0248 -79.8497 -8.76727 371.735
-0.86811 0.027993 -0.0169 -80.7178 -8.73927 371.719
-0.86623 0.029429 -0.0117 -81.5841 -8.70984 371.707
-0.86465 0.029606 -0.0094 -82.4487 -8.68024 371.697
-0.86305 0.031888 -0.0026 -83.3118 -8.64835 371.695
-0.857 0.030385 0.0032 -84.1688 -8.61796 371.698
-0.84681 0.02835 0.0061 -85.0156 -8.58961 371.704
-0.82712 0.027598 0.0058 -85.8427 -8.56202 371.71
-0.80942 0.027316 0.0082 -86.6521 -8.5347 371.718
-0.79335 0.023227 0.0072 -87.4455 -8.51147 371.725
-0.77021 0.023186 0.0088 -88.2157 -8.48829 371.734
-0.75102 0.020187 0.0079 -88.9667 -8.4681 371.742
-0.72872 0.019861 0.0063 -89.6954 -8.44824 371.748
-0.70723 0.02163 0.007 -90.4027 -8.42661 371.755
-0.68449 0.01602 0.0001 -91.0871 -8.41059 371.755
-0.65706 0.013676 -0.0016 -91.7442 -8.39691 371.754
-0.63265 0.019109 -0.0066 -92.3769 -8.3778 371.747
-0.61405 0.017989 -0.0093 -92.9909 -8.35981 371.738
-0.59366 0.016222 -0.0166 -93.5846 -8.34359 371.721
-0.5966 0.016469 -0.0213 -94.1812 -8.32712 371.7
-0.59343 0.017832 -0.0268 -94.7746 -8.30929 371.673
-0.59228 0.016534 -0.0277 -95.3669 -8.29276 371.646
-0.58729 0.0138 -0.0354 -95.9542 -8.27896 371.61
-0.58363 0.0151 -0.0395 -96.5378 -8.26386 371.571
-0.5782 0.016236 -0.0429 -97.116 -8.24762 371.528
-0.5769 0.018173 -0.0437 -97.6929 -8.22945 371.484
-0.57703 0.015998 -0.0452 -98.2699 -8.21345 371.439
-0.57643 0.014417 -0.0498 -98.8464 -8.19903 371.389
-0.58248 0.012377 -0.0566 -99.4288 -8.18666 371.332
-0.58796 0.015561 -0.0607 -100.017 -8.1711 371.272
-0.5933 0.01467 -0.0603 -100.61 -8.15643 371.211
-0.6023 0.014975 -0.0613 -101.212 -8.14145 371.15
-0.6074 0.014296 -0.0684 -101.82 -8.12716 371.082
-0.6111 0.01426 -0.0762 -102.431 -8.11289 371.005
-0.6182 0.016849 -0.0756 -103.049 -8.09605 370.93
-0.6277 0.017756 -0.0713 -103.677 -8.07829 370.859
-0.6366 0.017313 -0.0699 -104.313 -8.06098 370.789
-0.6503 0.018587 -0.0758 -104.964 -8.04239 370.713
-0.6646 0.022978 -0.0786 -105.628 -8.01941 370.634
-0.6731 0.024309 -0.0811 -106.301 -7.9951 370.553
-0.6985 0.033336 -0.0834 -107 -7.96177 370.47
-0.7096 0.034654 -0.0861 -107.71 -7.92711 370.384
-0.7164 0.034898 -0.0838 -108.426 -7.89222 370.3
-0.7215 0.029028 -0.0814 -109.147 -7.86319 370.219
-0.7261 0.040394 -0.0781 -109.874 -7.82279 370.14
-0.7518 0.047174 -0.0768 -110.625 -7.77562 370.064
-0.7886 0.048398 -0.0731 -111.414 -7.72722 369.99
-0.8109 0.0366 -0.0748 -112.225 -7.69062 369.916
-0.8143 0.042039 -0.0662 -113.039 -7.64858 369.849
-0.8113 0.051032 -0.062 -113.85 -7.59755 369.788
-0.8206 0.046407 -0.065 -114.671 -7.55114 369.723
-0.8415 0.044447 -0.0653 -115.513 -7.5067 369.657
-0.869 0.035937 -0.0693 -116.382 -7.47076 369.588
-0.8939 0.038478 -0.0704 -117.275 -7.43228 369.517
-0.9029 0.039768 -0.0624 -118.178 -7.39251 369.455
-0.9007 0.039822 -0.0531 -119.079 -7.35269 369.402
-0.9114 0.035807 -0.0383 -119.99 -7.31688 369.364
-0.9272 0.029009 -0.0262 -120.918 -7.28787 369.337
-0.9529 0.019863 -0.0251 -121.871 -7.26801 369.312
-0.9738 0.025033 -0.0214 -122.844 -7.24298 369.291
-0.9777 0.032622 -0.0225 -123.822 -7.21036 369.269
-0.976 0.038955 -0.0175 -124.798 -7.1714 369.251
-0.9759 0.041682 -0.015 -125.774 -7.12972 369.236
-0.9834 0.035461 -0.0074 -126.757 -7.09426 369.229
-0.9919 0.026953 -0.0066 -127.749 -7.06731 369.222
-0.995 0.02769 -0.0058 -128.744 -7.03962 369.216
-0.995 0.029563 -0.0103 -129.739 -7.01005 369.206
-0.9989 0.031271 -0.0146 -130.738 -6.97878 369.191
-1.0005 0.034124 -0.0159 -131.739 -6.94466 369.175
-0.9984 0.035506 -0.0141 -132.737 -6.90915 369.161
-0.9879 0.036152 -0.0103 -133.725 -6.873 369.151
-0.9858 0.036404 -0.009 -134.711 -6.8366 369.142
-0.9888 0.034744 -0.0107 -135.7 -6.80185 369.131
-0.9937 0.034366 -0.0146 -136.693 -6.76749 369.117
-0.9928 0.034354 -0.0253 -137.686 -6.73313 369.091
-0.9819 0.035742 -0.0284 -138.668 -6.69739 369.063
-0.9723 0.031629 -0.0368 -139.64 -6.66576 369.026
-0.9676 0.032901 -0.0422 -140.608 -6.63286 368.984
-0.97 0.030721 -0.0411 -141.578 -6.60214 368.943
-0.9676 0.026819 -0.0335 -142.545 -6.57532 368.909
-0.9697 0.027641 -0.036 -143.515 -6.54768 368.873
-0.9709 0.030577 -0.0344 -144.486 -6.5171 368.839
-0.9669 0.033539 -0.0386 -145.453 -6.48356 368.8
-0.9675 0.038346 -0.0424 -146.42 -6.44522 368.758
-0.957 0.041632 -0.0485 -147.377 -6.40358 368.709
-0.9486 0.040826 -0.0558 -148.326 -6.36276 368.654
