-0.0469029 -0.0283993 0.858694 -0.0469029 -0.0283993 0.858694
-0.0468405 -0.0283614 0.857581 -0.0937435 -0.0567606 1.71627
-0.0468994 -0.028397 0.858689 -0.140643 -0.0851576 2.57496
-0.0468429 -0.0283626 0.857684 -0.187486 -0.11352 3.43265
-0.046896 -0.0283948 0.858687 -0.234382 -0.141915 4.29134
-0.0468377 -0.0283593 0.857652 -0.28122 -0.170274 5.14899
-0.0468983 -0.028396 0.85879 -0.328118 -0.19867 6.00778
-0.0468369 -0.0283587 0.8577 -0.374955 -0.227029 6.86548
-0.046882 -0.0283861 0.858559 -0.421837 -0.255415 7.72404
-0.0468962 -0.0283945 0.85885 -0.468733 -0.28381 8.58289
-0.0468145 -0.0283451 0.857389 -0.515547 -0.312155 9.44027
-0.0468836 -0.0283869 0.858685 -0.562431 -0.340542 10.299
-0.0468777 -0.0283834 0.85861 -0.609309 -0.368925 11.1576
-0.0468965 -0.0284714 0.85784 -0.656205 -0.397396 12.0154
-0.0456736 -0.0265155 0.85424 -0.701879 -0.423912 12.8697
-0.0479453 -0.030092 0.86181 -0.749824 -0.454004 13.7315
-0.049427 -0.0300731 0.8688 -0.799251 -0.484077 14.6003
-0.0554131 -0.03143 0.87931 -0.854664 -0.515507 15.4796
-0.0526226 -0.0309635 0.88983 -0.907287 -0.54647 16.3694
-0.0536295 -0.031889 0.89956 -0.960916 -0.57836 17.269
-0.0506727 -0.0308808 0.90422 -1.01159 -0.60924 18.1732
-0.054667 -0.029496 0.91093 -1.06626 -0.638736 19.0841
-0.052395 -0.0298856 0.91311 -1.11865 -0.668622 19.9972
-0.053189 -0.0304559 0.91646 -1.17184 -0.699078 20.9137
-0.052439 -0.0296643 0.92674 -1.22428 -0.728742 21.8404
-0.056528 -0.0317296 0.9339 -1.28081 -0.760472 22.7743
-0.054034 -0.0324956 0.93521 -1.33484 -0.792967 23.7095
-0.050906 -0.0279571 0.94222 -1.38575 -0.820924 24.6517
-0.050886 -0.0246964 0.94519 -1.43663 -0.845621 25.5969
-0.050411 -0.0245919 0.94777 -1.48704 -0.870213 26.5447
-0.050981 -0.0268994 0.95156 -1.53802 -0.897112 27.4963
-0.048526 -0.028303 0.95839 -1.58655 -0.925415 28.4547
-0.046812 -0.0301479 0.96827 -1.63336 -0.955563 29.4229
-0.047608 -0.0282747 0.97546 -1.68097 -0.983838 30.3984
-0.047922 -0.0279343 0.97926 -1.72889 -1.01177 31.3776
-0.040083 -0.024591 0.97949 -1.76898 -1.03636 32.3571
-0.046858 -0.023426 0.97917 -1.81583 -1.05979 33.3363
-0.054829 -0.028227 0.9839 -1.87066 -1.08802 34.3202
-0.059117 -0.041864 1.01076 -1.92978 -1.12988 35.331
-0.063968 -0.064668 1.05654 -1.99375 -1.19455 36.3875
-0.067364 -0.055333 1.04099 -2.06111 -1.24988 37.4285
-0.065841 -0.055171 1.04301 -2.12695 -1.30505 38.4715
-0.064014 -0.04409 1.03214 -2.19097 -1.34914 39.5037
-0.065148 -0.043905 1.0349 -2.25611 -1.39305 40.5386
-0.073825 -0.033766 1.02256 -2.32994 -1.42681 41.5611
-0.069788 -0.033918 1.02192 -2.39973 -1.46073 42.583
-0.065486 -0.02877 1.00999 -2.46521 -1.4895 43.593
-0.070671 -0.033349 1.00488 -2.53588 -1.52285 44.5979
-0.064131 -0.037035 1.00092 -2.60002 -1.55988 45.5988
-0.061865 -0.033871 0.99921 -2.66188 -1.59376 46.598
-0.067033 -0.036061 0.99472 -2.72891 -1.62982 47.5928
-0.07188 -0.034712 0.98581 -2.80079 -1.66453 48.5786
-0.070542 -0.033092 0.97744 -2.87134 -1.69762 49.556
-0.066599 -0.031392 0.98173 -2.93793 -1.72901 50.5377
-0.064528 -0.037729 0.98072 -3.00246 -1.76674 51.5185
-0.063381 -0.032252 0.97656 -3.06584 -1.79899 52.495
-0.064341 -0.031057 0.96997 -3.13018 -1.83005 53.465
-0.061335 -0.028347 0.96306 -3.19152 -1.8584 54.428
-0.057291 -0.028089 0.96374 -3.24881 -1.88649 55.3918
-0.062111 -0.027354 0.95861 -3.31092 -1.91384 56.3504
-0.060592 -0.024388 0.96212 -3.37151 -1.93823 57.3125
-0.06748 -0.018534 0.96149 -3.43899 -1.95676 58.274
-0.072319 -0.019199 0.9514 -3.51131 -1.97596 59.2254
-0.06788 -0.022149 0.94093 -3.57919 -1.99811 60.1663
-0.062591 -0.023428 0.92492 -3.64178 -2.02154 61.0913
-0.0616 -0.02762 0.91507 -3.70338 -2.04916 62.0063
-0.072651 -0.02895 0.91046 -3.77603 -2.07811 62.9168
-0.067905 -0.033985 0.89841 -3.84394 -2.11209 63.8152
-0.068662 -0.033259 0.88267 -3.9126 -2.14535 64.6979
-0.065626 -0.028482 0.86886 -3.97823 -2.17383 65.5667
-0.068397 -0.027574 0.85491 -4.04662 -2.20141 66.4216
-0.067817 -0.029413 0.84292 -4.11444 -2.23082 67.2645
-0.065552 -0.027544 0.82873 -4.17999 -2.25837 68.0933
-0.064862 -0.024944 0.81666 -4.24486 -2.28331 68.9099
-0.068165 -0.024535 0.8043 -4.31302 -2.30784 69.7142
-0.068914 -0.021631 0.79375 -4.38194 -2.32948 70.508
-0.063575 -0.025915 0.77638 -4.44551 -2.35539 71.2844
-0.069365 -0.0267 0.75298 -4.51487 -2.38209 72.0374
-0.065335 -0.02764 0.73056 -4.58021 -2.40973 72.7679
-0.064133 -0.023251 0.71274 -4.64434 -2.43298 73.4806
-0.065151 -0.026541 0.69474 -4.70949 -2.45952 74.1754
-0.066236 -0.030754 0.67608 -4.77573 -2.49028 74.8515
-0.061785 -0.035678 0.65597 -4.83751 -2.52596 75.5074
-0.054374 -0.030699 0.63084 -4.89189 -2.55665 76.1383
-0.045788 -0.028815 0.61182 -4.93768 -2.58547 76.7501
-0.04816 -0.031273 0.59399 -4.98584 -2.61674 77.3441
-0.053201 -0.029306 0.58125 -5.03904 -2.64605 77.9253
-0.053694 -0.029651 0.5693 -5.09273 -2.6757 78.4946
-0.041069 -0.026141 0.55489 -5.1338 -2.70184 79.0495
-0.025971 -0.027367 0.54277 -5.15977 -2.72921 79.5923
-0.023585 -0.027593 0.53074 -5.18336 -2.7568 80.123
-0.024912 -0.023222 0.51151 -5.20827 -2.78002 80.6346
-0.02694 -0.021705 0.50083 -5.23521 -2.80173 81.1354
-0.013683 -0.020361 0.48748 -5.24889 -2.82209 81.6229
0.012064 -0.017775 0.47415 -5.23683 -2.83986 82.097
0.029359 -0.019443 0.45893 -5.20747 -2.85931 82.5559
0.043926 -0.018698 0.45252 -5.16354 -2.878 83.0085
0.057923 -0.017747 0.44608 -5.10562 -2.89575 83.4545
0.07606 -0.016167 0.43076 -5.02956 -2.91192 83.8853
0.094911 -0.014249 0.42808 -4.93465 -2.92617 84.3134
0.117352 -0.016197 0.41531 -4.8173 -2.94236 84.7287
0.136359 -0.019491 0.38951 -4.68094 -2.96185 85.1182
0.161745 -0.01869 0.38351 -4.51919 -2.98055 85.5017
0.182849 -0.014688 0.35202 -4.33634 -2.99523 85.8537
0.206255 -0.011613 0.34628 -4.13009 -3.00685 86.2
0.226223 -0.011507 0.32587 -3.90387 -3.01835 86.5259
0.247486 -0.012588 0.28622 -3.65638 -3.03094 86.8121
0.263314 -0.017201 0.28348 -3.39307 -3.04814 87.0956
0.277673 -0.015216 0.24945 -3.11539 -3.06336 87.345
0.29759 -0.011226 0.24898 -2.8178 -3.07458 87.594
0.309666 -0.009876 0.22609 -2.50814 -3.08446 87.8201
0.325535 -0.008689 0.18803 -2.1826 -3.09315 88.0081
0.334964 -0.010389 0.17986 -1.84764 -3.10354 88.188
0.336583 -0.013034 0.1555 -1.51106 -3.11657 88.3435
0.345473 -0.010855 0.15855 -1.16558 -3.12743 88.502
0.354511 -0.010604 0.13955 -0.811071 -3.13803 88.6416
0.361049 -0.008228 0.10636 -0.450022 -3.14626 88.748
0.377339 -0.004199 0.092 -0.0726836 -3.15046 88.84
0.374775 -0.006128 0.09052 0.302092 -3.15659 88.9305
0.374253 -0.010249 0.09268 0.676345 -3.16683 89.0232
0.374546 -0.018339 0.10188 1.05089 -3.18517 89.125
0.383692 -0.020823 0.08553 1.43458 -3.206 89.2106
0.398327 -0.016117 0.06659 1.83291 -3.22211 89.2772
0.407833 -0.012103 0.05235 2.24074 -3.23422 89.3295
0.422007 0.002024 0.0426 2.66275 -3.23219 89.3721
0.427012 -0.000921 0.04689 3.08976 -3.23311 89.419
0.447008 -0.013899 0.05323 3.53677 -3.24701 89.4722
0.465358 -0.02269 0.04837 4.00213 -3.2697 89.5206
0.473643 -0.022374 0.03547 4.47577 -3.29208 89.5561
0.48669 -0.019581 0.02735 4.96246 -3.31166 89.5834
0.497588 -0.01592 0.01991 5.46005 -3.32758 89.6033
0.514523 -0.017115 0.01769 5.97457 -3.34469 89.621
0.530051 -0.018047 0.01725 6.50462 -3.36274 89.6383
0.545758 -0.017027 0.01647 7.05038 -3.37977 89.6547
0.563712 -0.015201 0.0168 7.61409 -3.39497 89.6715
0.583864 -0.014338 0.01632 8.19796 -3.40931 89.6878
0.602955 -0.016894 0.01382 8.80091 -3.4262 89.7017
0.619318 -0.016084 0.00619 9.42023 -3.44228 89.7079
0.63955 -0.018008 0.0088 10.0598 -3.46029 89.7167
0.6548 -0.017356 0.00288 10.7146 -3.47765 89.7195
0.67379 -0.017549 0.00191 11.3884 -3.4952 89.7215
0.68625 -0.016421 -0.00127 12.0746 -3.51162 89.7202
0.70728 -0.018191 0.00711 12.7819 -3.52981 89.7273
0.72311 -0.019732 0.01139 13.505 -3.54954 89.7387
0.73894 -0.020504 0.01371 14.2439 -3.57004 89.7524
0.75865 -0.025262 0.02392 15.0026 -3.59531 89.7763
0.77108 -0.026091 0.02895 15.7737 -3.6214 89.8053
0.78687 -0.024451 0.03813 16.5605 -3.64585 89.8434
0.79418 -0.02387 0.04024 17.3547 -3.66972 89.8836
0.80178 -0.026736 0.04585 18.1565 -3.69645 89.9295
0.80345 -0.030541 0.04936 18.96 -3.727 89.9788
0.80823 -0.031633 0.05454 19.7682 -3.75863 90.0334
0.81374 -0.030783 0.0494 20.5819 -3.78941 90.0828
0.81754 -0.038789 0.04963 21.3995 -3.8282 90.1324
0.81788 -0.041441 0.05028 22.2173 -3.86964 90.1827
0.81697 -0.039147 0.045 23.0343 -3.90879 90.2277
0.81716 -0.039922 0.04605 23.8515 -3.94871 90.2737
0.81512 -0.043173 0.04358 24.6666 -3.99188 90.3173
0.81177 -0.039668 0.04768 25.4784 -4.03155 90.365
0.81043 -0.039123 0.04653 26.2888 -4.07067 90.4115
0.81129 -0.039368 0.04629 27.1001 -4.11004 90.4578
0.80983 -0.039242 0.0414 27.9099 -4.14928 90.4992
0.81188 -0.040087 0.03815 28.7218 -4.18937 90.5374
0.81164 -0.03834 0.03065 29.5334 -4.22771 90.568
0.80688 -0.036708 0.02087 30.3403 -4.26442 90.5889
0.80172 -0.034541 0.0137 31.142 -4.29896 90.6026
0.8012 -0.033572 0.0015 31.9432 -4.33253 90.6041
0.79745 -0.034267 -0.00576 32.7407 -4.3668 90.5983
0.79198 -0.034125 -0.01182 33.5327 -4.40092 90.5865
0.79157 -0.029589 -0.0241 34.3242 -4.43051 90.5624
0.78615 -0.029637 -0.03279 35.1104 -4.46015 90.5296
0.77876 -0.030314 -0.03959 35.8892 -4.49047 90.49
0.77448 -0.029345 -0.0475 36.6636 -4.51981 90.4425
0.7672 -0.028447 -0.0558 37.4308 -4.54826 90.3867
0.75875 -0.02889 -0.06312 38.1896 -4.57715 90.3236
0.75091 -0.029918 -0.07196 38.9405 -4.60707 90.2516
0.74314 -0.028087 -0.07536 39.6836 -4.63515 90.1763
0.73513 -0.028868 -0.08453 40.4188 -4.66402 90.0918
0.72698 -0.02819 -0.08886 41.1457 -4.69221 90.0029
0.7175 -0.02955 -0.09259 41.8632 -4.72176 89.9103
0.71159 -0.024819 -0.0942 42.5748 -4.74658 89.8161
0.6998 -0.023436 -0.09212 43.2746 -4.77001 89.724
0.68483 -0.023101 -0.08957 43.9595 -4.79312 89.6344
0.6717 -0.022147 -0.08793 44.6312 -4.81526 89.5465
0.65381 -0.021797 -0.08627 45.285 -4.83706 89.4602
0.63783 -0.021623 -0.08166 45.9228 -4.85868 89.3786
0.61979 -0.021913 -0.07206 46.5426 -4.8806 89.3065
0.60138 -0.02234 -0.06199 47.144 -4.90294 89.2445
0.58234 -0.02341 -0.05126 47.7263 -4.92635 89.1933
0.56248 -0.023698 -0.04045 48.2888 -4.95004 89.1528
0.54268 -0.023075 -0.02585 48.8315 -4.97312 89.1269
0.535 -0.02829 -0.00582 49.3665 -5.00141 89.1211
0.52729 -0.028569 0.00905 49.8938 -5.02998 89.1302
0.52294 -0.026501 0.01824 50.4167 -5.05648 89.1484
0.52271 -0.027219 0.04312 50.9394 -5.0837 89.1915
0.51738 -0.027424 0.06432 51.4568 -5.11112 89.2559
0.50705 -0.028834 0.0797 51.9638 -5.13996 89.3356
0.50023 -0.028351 0.11537 52.4641 -5.16831 89.4509
0.49577 -0.029579 0.14178 52.9598 -5.19789 89.5927
0.47072 -0.030509 0.15766 53.4306 -5.22839 89.7504
0.45889 -0.025663 0.19489 53.8894 -5.25406 89.9453
0.44209 -0.02698 0.21893 54.3315 -5.28104 90.1642
0.40735 -0.026727 0.22441 54.7389 -5.30776 90.3886
0.3943 -0.029105 0.27237 55.1332 -5.33687 90.661
0.3583 -0.025243 0.28063 55.4915 -5.36211 90.9416
0.34444 -0.027624 0.32952 55.8359 -5.38974 91.2711
0.32252 -0.028428 0.34918 56.1585 -5.41817 91.6203
0.2901 -0.029888 0.34585 56.4485 -5.44805 91.9661
0.27389 -0.031056 0.38987 56.7224 -5.47911 92.356
0.24549 -0.031425 0.4089 56.9679 -5.51053 92.7649
0.20735 -0.028919 0.40635 57.1753 -5.53945 93.1713
0.19477 -0.024996 0.43935 57.37 -5.56445 93.6106
0.16987 -0.026538 0.45058 57.5399 -5.59099 94.0612
0.14446 -0.021679 0.44678 57.6844 -5.61267 94.508
0.12804 -0.015352 0.47362 57.8124 -5.62802 94.9816
0.11478 -0.010476 0.46528 57.9272 -5.63849 95.4469
0.11456 -0.010008 0.478 58.0418 -5.6485 95.9249
0.12048 -0.013475 0.47729 58.1622 -5.66198 96.4022
0.11507 -0.018162 0.4822 58.2773 -5.68014 96.8844
0.10596 -0.012468 0.49598 58.3833 -5.69261 97.3804
0.10367 -0.006103 0.50771 58.4869 -5.69871 97.8881
0.10252 -0.014171 0.51539 58.5895 -5.71288 98.4035
0.10727 -0.019429 0.52485 58.6967 -5.73231 98.9283
0.11726 -0.023828 0.53257 58.814 -5.75614 99.4609
0.12637 -0.022349 0.54153 58.9404 -5.77849 100.002
0.13415 -0.019404 0.5481 59.0745 -5.79789 100.55
0.13525 -0.020671 0.5601 59.2098 -5.81856 101.111
0.13347 -0.026208 0.582 59.3432 -5.84477 101.693
0.13656 -0.027898 0.5927 59.4798 -5.87267 102.285
0.15567 -0.028303 0.603 59.6355 -5.90097 102.888
0.16334 -0.027104 0.6115 59.7988 -5.92807 103.5
0.16574 -0.025479 0.6246 59.9645 -5.95355 104.124
0.1697 -0.021636 0.63 60.1342 -5.97519 104.754
0.1749 -0.02306 0.6379 60.3091 -5.99825 105.392
0.17165 -0.024818 0.6431 60.4808 -6.02307 106.035
0.16894 -0.02595 0.6569 60.6497 -6.04902 106.692
0.16939 -0.026544 0.6714 60.8191 -6.07556 107.364
0.17598 -0.027589 0.691 60.9951 -6.10315 108.055
0.18212 -0.032286 0.706 61.1772 -6.13544 108.761
0.17786 -0.033377 0.7171 61.3551 -6.16881 109.478
0.17251 -0.029207 0.7224 61.5276 -6.19802 110.2
0.16868 -0.027311 0.7293 61.6963 -6.22533 110.93
0.17787 -0.026969 0.7397 61.8741 -6.2523 111.669
0.17898 -0.029717 0.7522 62.0531 -6.28202 112.421
0.18105 -0.033222 0.7677 62.2342 -6.31524 113.189
0.18341 -0.036169 0.7758 62.4176 -6.35141 113.965
0.18266 -0.035995 0.7902 62.6002 -6.3874 114.755
0.18459 -0.031924 0.8092 62.7848 -6.41933 115.564
0.18889 -0.031178 0.8089 62.9737 -6.45051 116.373
0.18367 -0.033437 0.8194 63.1574 -6.48394 117.193
0.24976 0.146975 0.632155 64.2282 -6.42236 117.639
0.503036 0.107857 1.05258 63.7309 -7.51963 118.394
-0.0195808 -0.0584687 0.829515 63.1214 -6.22556 120.607
-0.0778086 -0.394816 1.05486 64.1215 -5.92973 119.601
0.552319 0.144786 1.15395 64.4529 -7.43941 120.852
0.426762 0.215058 0.619649 63.3469 -6.41288 121.516
0.255931 0.238571 0.809117 64.4173 -7.48319 123.548
0.55112 -0.401492 1.04332 64.6787 -7.67136 124.677
0.11405 -0.358317 0.910995 65.5535 -5.9315 125.081
0.458693 -0.249415 0.991236 64.247 -7.28202 126.357
0.137962 0.0868068 0.977417 65.9879 -7.48915 127.391
0.0110358 -0.381281 0.594651 65.294 -7.36558 127.999
0.534635 -0.398801 0.909872 66.3039 -7.53205 128.519
0.134689 0.185464 0.540579 66.5607 -7.71877 128.15
-0.102954 0.215952 0.943519 66.9427 -7.3674 129.385
-0.171176 -0.0817767 1.19024 66.9907 -6.56159 130.451
-0.151857 0.340286 0.709906 65.9177 -7.62311 130.91
0.00726405 -0.0766595 0.811215 67.4024 -6.91234 132.097
0.553953 -0.337186 0.804352 67.7875 -6.89753 132.245
-0.157629 0.12433 0.479087 66.6784 -7.76887 133.108
0.540608 0.154763 0.836142 68.2593 -7.55735 135.356
0.390232 0.163509 0.991622 68.5198 -7.01281 135.765
0.267222 -0.2022 0.496196 68.1228 -8.27032 136.953
0.215656 -0.204019 0.4703 67.7733 -8.1071 136.414
0.156055 -0.187899 0.902075 67.6973 -8.05343 137.483
-0.10863 -0.188992 0.764448 68.3788 -7.54932 139.397
0.385637 0.0127573 0.849999 68.0033 -7.99862 139.863
0.522892 -0.168042 0.541273 67.744 -8.21307 140.811
-0.0612015 -0.416756 0.415545 69.5302 -8.13731 141.742
0.104484 0.23657 1.0204 69.064 -6.97373 141.52
0.173666 -0.379376 0.396366 70.0146 -7.39363 142.328
0.388938 -0.301091 0.485017 68.6704 -7.16275 143.488
0.310334 0.212615 0.416621 69.3017 -7.03335 145.013
0.214377 -0.304682 0.584899 70.6363 -7.72804 144.367
-0.0348591 -0.296835 0.540778 68.9474 -7.24317 145.155
0.0429142 -0.0769711 1.16541 69.9196 -7.1048 146.434
0.211332 -0.0813491 1.15354 70.4365 -7.77719 146.575
-0.0869649 0.120338 0.560894 70.9552 -8.20226 147.34
-0.218324 0.373336 0.783286 69.8864 -6.79604 148.254
0.32502 0.252089 0.707926 70.5654 -6.75444 149.268
0.242462 0.296901 1.04724 70.116 -6.91095 149.833
-0.211909 0.115021 0.807265 69.8474 -7.92616 150.784
-0.24361 0.193629 0.880346 70.4652 -7.31305 152.812
0.118714 0.248339 0.511189 70.0497 -8.65325 152.767
0.483812 -0.360956 0.953939 70.1166 -8.59732 154.001
-0.199778 0.171407 1.06583 71.7552 -7.63905 153.703
-0.0404572 0.103104 0.990573 70.4659 -8.31952 155.368
-0.290624 -0.418121 0.911109 71.4159 -7.89627 156.155
0.201563 -0.0269449 1.16633 71.9352 -8.63263 157.281
0.24364 0.312082 1.03893 70.9965 -7.99971 158.894
-0.218119 -0.0102189 1.14548 71.5167 -7.74392 158.186
-0.295397 -0.0664277 0.889097 71.3201 -8.83147 158.659
0.370687 -0.313798 1.04349 71.4549 -8.0809 159.561
-0.254221 0.157788 0.854737 71.1627 -8.03306 161.355
0.189077 0.308028 0.566161 71.7248 -8.28853 162.044
0.0865352 -0.306624 0.941187 71.0181 -8.77759 163.05
0.0483048 -0.403938 0.892794 72.0527 -7.51005 163.291
-0.232487 0.216897 0.688756 71.6233 -7.16673 165.539
0.00118573 -0.118554 1.11322 72.2804 -7.83371 165.876
0.098252 0.0769643 0.675366 70.9832 -8.3846 166.988
0.0193402 0.275582 0.783342 72.2733 -8.07324 166.061
0.387816 -0.155653 1.18746 71.8748 -7.22753 168.245
-0.20924 -0.352835 1.15126 72.7717 -9.00123 169.187
0.232736 -0.13558 1.06043 72.8103 -8.11283 170.203
0.0692203 -0.0283008 0.466503 72.505 -8.63131 169.625
0.0393457 0.0370752 1.07319 71.2144 -7.96024 171.345
0.0433894 0.265916 0.939253 72.4899 -8.48641 172.816
0.209156 -0.253866 0.822071 72.3919 -9.17729 172.569
-0.0985995 -0.149898 1.22945 72.2476 -9.26519 173.654
-0.159163 0.128991 1.13383 72.7102 -8.54425 173.754
-0.441326 0.0300167 0.578859 71.7192 -8.50267 175.286
-0.09576 -0.0832624 0.778209 72.79 -8.36908 177.081
0.313717 -0.321169 0.470488 71.1515 -8.3038 176.364
0.0218804 -0.0080256 0.997127 71.712 -8.87693 177.859
0.144094 -0.114342 0.954154 71.1067 -8.37632 178.395
-0.0127191 0.345831 0.824976 71.9916 -8.95459 179.048
-0.358699 0.0786264 0.79528 71.9476 -8.85607 180.125
-0.361326 0.0650949 0.992104 72.1415 -7.66198 182.305
0.276371 0.339355 0.491614 71.1341 -7.69742 181.626
-0.308966 -0.141449 0.761711 71.3261 -7.88903 182.908
-0.199732 -0.196739 1.12956 72.2357 -8.23461 184.087
-0.379959 -0.000599249 1.05159 71.8274 -9.05996 185.132
-0.15 -0.405316 0.839925 71.9989 -9.39113 185.635
-0.101966 -0.35536 0.969826 70.9999 -8.51929 186.435
0.142866 0.289257 1.25804 71.8974 -7.70285 186.437
0.258417 -0.0937953 0.511193 71.0886 -9.3608 187.516
-0.136957 -0.017652 0.976626 70.9484 -8.11238 189.084
0.140264 0.193768 0.597848 71.5614 -9.64556 188.931
-0.384807 -0.264056 0.675865 70.8316 -8.67224 191.333
-0.0701097 -0.111313 0.972453 70.6801 -8.20764 192.438
-0.238508 -0.423421 0.965921 71.0881 -8.0709 192.957
-0.0361573 0.284227 0.88302 70.4569 -9.51008 193.101
-0.0989369 0.373711 1.18881 70.813 -7.97446 193.137
-0.0311769 -0.0375893 0.446506 70.8309 -8.55603 195.446
-0.142118 0.222531 1.13158 70.0834 -9.06451 195.811
0.11323 0.0713535 1.18341 69.8989 -9.76748 196.393
-0.0535148 0.383172 0.997213 69.9416 -8.69485 196.73
0.157289 -0.322819 0.631495 69.916 -8.76382 198.056
0.326774 0.242285 0.725117 71.2642 -9.63729 197.849
0.357951 -0.310355 0.324336 69.6794 -9.26206 200.282
-0.157047 -0.387636 0.528814 70.1916 -9.11225 199.129
-0.135785 -0.041297 0.88801 70.7789 -9.34814 200.897
0.308848 0.147375 0.42662 69.9419 -8.39639 201.142
0.139395 -0.370849 1.00608 70.9631 -8.19812 201.262
0.333496 -0.176212 0.68524 69.9099 -9.33621 202.417
0.295619 -0.399428 0.847428 69.3929 -9.01896 204.539
0.117612 0.283598 0.539338 71.0799 -8.7539 204.404
-0.355569 0.29068 0.675112 71.1192 -9.55298 204.912
0.297276 0.140896 0.53978 69.8977 -9.77443 205.507
-0.386729 -0.23818 0.384973 70.0766 -9.38448 206.043
0.0426696 0.0726559 0.314082 70.1426 -8.4881 206.094
0.260207 -0.410593 0.979777 70.8337 -9.82611 206.985
-0.131744 0.00136058 0.715812 70.3091 -9.06229 209.369
-0.2227 -0.341303 0.864419 70.5129 -9.10467 208.123
-0.22201 -0.0267192 0.431903 70.6116 -9.0551 209.48
-0.0120693 0.176689 0.953277 69.0946 -8.31257 209.712
-0.325276 -0.268071 0.447081 70.1444 -9.27057 210.076
0.268481 0.374412 1.02543 70.955 -9.8485 211.295
-0.0413047 0.0354885 0.831666 69.4269 -10.1989 213.049
0.114039 -0.159161 0.425597 70.5198 -9.33351 212.519
-0.330644 -0.389873 0.850383 69.788 -8.91074 213.526
-0.15596 0.305493 0.88837 70.3616 -9.24768 213.633
0.374571 -0.410397 0.627663 70.5877 -8.81562 214.318
0.388624 -0.306236 0.762726 69.6352 -8.9211 215.712
0.0464049 0.234053 0.718067 70.2422 -9.33081 216.348
0.333593 -0.100165 0.939312 70.8264 -9.13012 217.19
-0.163637 -0.0686541 0.675881 69.0833 -9.76741 217.984
-0.0732278 0.00859929 0.802155 70.2589 -9.31955 217.791
0.372366 -0.221061 0.693185 70.6375 -9.65909 219.065
0.0161001 -0.345079 0.853813 68.9832 -10.2918 219.807
0.00572805 0.115561 0.313991 70.1134 -10.0055 219.495
-0.276857 0.0838438 0.717291 70.4428 -9.92644 221.686
0.157258 0.0452269 0.274547 70.302 -10.5661 221.778
-0.117131 0.310262 0.944574 70.2544 -9.26508 222.625
0.0980616 0.0397287 0.928109 69.4099 -9.4326 223.256
0.2913 0.284504 1.00486 68.992 -10.3722 223.151
0.26052 -0.00661481 0.925077 70.843 -9.51549 223.53
0.178993 0.0327097 0.677937 70.8108 -9.08332 224.648
0.336545 0.203965 1.06933 70.0835 -8.84065 226.516
-0.362281 -0.0118319 0.482856 69.1235 -9.14733 226.913
-0.259171 0.172263 0.683165 69.2753 -9.35689 226.695
0.10858 -0.357522 0.860837 69.94 -10.0159 228.38
-0.300139 -0.210702 0.755607 70.482 -9.1574 227.945
0.328708 0.287382 0.318894 69.985 -10.7418 230.125
0.112598 -0.376435 0.287434 69.0513 -9.72863 228.866
-0.0161779 -0.319716 0.87431 69.1786 -10.8333 230.003
0.272718 0.361981 1.01647 69.7928 -9.8906 231.227
-0.208343 -0.0704658 0.488883 70.221 -10.0744 232.004
0.34229 0.360602 0.587767 68.9388 -10.1704 232.311
-0.3358 -0.0334879 0.90318 70.2151 -9.59166 232.762
-0.01736 -0.01948 0.6095 69.8271 -10.0336 233.65
-0.0169 -0.01409 0.5976 69.8102 -10.0477 234.248
-0.00924 -0.01132 0.5706 69.801 -10.059 234.818
-0.01817 -0.0099 0.5477 69.7828 -10.0689 235.366
-0.02783 -0.00953 0.5309 69.755 -10.0784 235.897
-0.0404 -0.00695 0.5206 69.7146 -10.0854 236.417
-0.05051 -0.00363 0.5143 69.6641 -10.089 236.932
-0.06109 -0.00397 0.5055 69.603 -10.093 237.437
-0.08209 -0.00667 0.5055 69.5209 -10.0996 237.943
-0.09545 -0.00627 0.4989 69.4254 -10.1059 238.442
-0.11042 -0.00979 0.4785 69.315 -10.1157 238.92
-0.12989 -0.00987 0.4748 69.1851 -10.1256 239.395
-0.16294 -0.00932 0.4367 69.0222 -10.1349 239.832
-0.17575 -0.00555 0.445 68.8464 -10.1404 240.277
-0.19867 -0.006 0.4325 68.6478 -10.1464 240.709
-0.2328 -0.00452 0.3834 68.415 -10.1509 241.093
-0.24886 -0.01679 0.3869 68.1661 -10.1677 241.479
-0.26703 -0.01374 0.3692 67.8991 -10.1815 241.849
-0.28969 -0.00011 0.313 67.6094 -10.1816 242.162
-0.2911 -0.00163 0.3312 67.3183 -10.1832 242.493
-0.30937 -0.00094 0.3171 67.0089 -10.1842 242.81
-0.33599 0.01305 0.2603 66.6729 -10.1711 243.07
-0.34067 0.00725 0.274 66.3322 -10.1639 243.344
-0.34977 0.01229 0.247 65.9825 -10.1516 243.591
-0.36142 0.01852 0.1933 65.621 -10.1331 243.785
-0.36094 0.01517 0.2074 65.2601 -10.1179 243.992
-0.36227 0.02193 0.1925 64.8978 -10.096 244.184
-0.37742 0.02437 0.1356 64.5204 -10.0716 244.32
-0.38012 0.03023 0.1543 64.1403 -10.0413 244.474
-0.40983 0.02996 0.0976 63.7305 -10.0114 244.572
-0.42197 0.029141 0.1112 63.3085 -9.98225 244.683
-0.44099 0.02544 0.0896 62.8675 -9.95681 244.773
-0.46226 0.027007 0.0524 62.4053 -9.9298 244.825
-0.46559 0.028153 0.0593 61.9397 -9.90165 244.884
-0.48072 0.028002 0.0416 61.4589 -9.87365 244.926
-0.49699 0.029329 0.0154 60.962 -9.84432 244.941
-0.50045 0.032508 0.0125 60.4615 -9.81181 244.954
-0.51408 0.032756 -0.0019 59.9474 -9.77905 244.952
-0.52558 0.029902 -0.0063 59.4218 -9.74915 244.946
-0.53625 0.028492 -0.0174 58.8856 -9.72066 244.928
-0.55022 0.0291 -0.0262 58.3354 -9.69156 244.902
-0.56419 0.030617 -0.0257 57.7712 -9.66094 244.876
-0.57877 0.031453 -0.0261 57.1924 -9.62949 244.85
-0.59643 0.031044 -0.0263 56.596 -9.59845 244.824
-0.61483 0.031069 -0.0262 55.9811 -9.56738 244.798
-0.63298 0.032634 -0.0269 55.3482 -9.53474 244.771
-0.65413 0.032887 -0.0271 54.694 -9.50186 244.744
-0.67275 0.033889 -0.0259 54.0213 -9.46797 244.718
-0.68356 0.039899 -0.0421 53.3377 -9.42807 244.676
-0.68731 0.051871 -0.071 52.6504 -9.3762 244.605
-0.70631 0.054622 -0.0769 51.9441 -9.32157 244.528
-0.73743 0.050124 -0.0665 51.2067 -9.27145 244.461
-0.75471 0.048577 -0.0707 50.452 -9.22287 244.391
-0.78471 0.046128 -0.0564 49.6673 -9.17675 244.334
-0.79912 0.03709 -0.0498 48.8681 -9.13966 244.285
-0.81007 0.030671 -0.0495 48.0581 -9.10899 244.235
-0.83353 0.034052 -0.0459 47.2245 -9.07493 244.189
-0.84268 0.035113 -0.0481 46.3819 -9.03982 244.141
-0.86681 0.037158 -0.0401 45.5151 -9.00266 244.101
-0.86497 0.036311 -0.0444 44.6501 -8.96635 244.056
-0.8681 0.040319 -0.0405 43.782 -8.92603 244.016
-0.86019 0.03722 -0.0468 42.9218 -8.88881 243.969
-0.86165 0.037119 -0.0425 42.0601 -8.85169 243.927
-0.86672 0.037014 -0.0426 41.1934 -8.81468 243.884
-0.87683 0.036868 -0.0438 40.3166 -8.77781 243.84
-0.86825 0.037286 -0.0466 39.4483 -8.74052 243.794
-0.8693 0.04117 -0.0513 38.579 -8.69936 243.742
-0.8721 0.057681 -0.02 37.7069 -8.64167 243.722
-0.87497 0.057359 -0.0206 36.832 -8.58432 243.702
-0.86665 0.050558 -0.038 35.9653 -8.53376 243.664
-0.87043 0.052662 -0.034 35.0949 -8.48109 243.63
-0.86706 0.052387 -0.046 34.2278 -8.42871 243.584
-0.88589 0.055399 -0.0432 33.3419 -8.37331 243.541
-0.86899 0.04834 -0.0516 32.4729 -8.32497 243.489
-0.88048 0.040495 -0.0475 31.5925 -8.28447 243.441
-0.87266 0.038673 -0.0486 30.7198 -8.2458 243.393
-0.86786 0.031301 -0.0447 29.8519 -8.2145 243.348
-0.86486 0.025373 -0.0332 28.9871 -8.18913 243.315
-0.86256 0.037135 -0.0301 28.1245 -8.15199 243.285
-0.86033 0.033936 -0.0264 27.2642 -8.11806 243.258
-0.84968 0.033231 -0.0287 26.4145 -8.08483 243.23
-0.85143 0.039059 -0.0217 25.5631 -8.04577 243.208
-0.83904 0.03561 -0.0332 24.724 -8.01016 243.175
-0.84336 0.024399 -0.0358 23.8807 -7.98576 243.139
-0.83344 0.027306 -0.0246 23.0472 -7.95845 243.114
-0.83686 0.024974 -0.0235 22.2104 -7.93348 243.091
-0.82916 0.023318 -0.0359 21.3812 -7.91016 243.055
-0.82587 0.022907 -0.0379 20.5554 -7.88725 243.017
-0.81903 0.021776 -0.0377 19.7363 -7.86548 242.98
-0.81084 0.021426 -0.039 18.9255 -7.84405 242.94
-0.80904 0.019422 -0.0425 18.1165 -7.82463 242.898
-0.80538 0.022114 -0.0476 17.3111 -7.80251 242.85
-0.80876 0.023949 -0.0509 16.5023 -7.77857 242.799
-0.80084 0.030333 -0.0569 15.7015 -7.74823 242.743
-0.79968 0.025112 -0.0598 14.9018 -7.72312 242.683
-0.79342 0.025278 -0.0707 14.1084 -7.69784 242.612
-0.78577 0.025019 -0.0759 13.3226 -7.67282 242.536
-0.7806 0.021986 -0.0809 12.542 -7.65084 242.455
-0.77117 0.02358 -0.0786 11.7708 -7.62726 242.377
-0.76171 0.022644 -0.0808 11.0091 -7.60461 242.296
-0.75104 0.023533 -0.0778 10.2581 -7.58108 242.218
-0.742963 0.015259 -0.0751 9.51512 -7.56582 242.143
-0.727328 0.015474 -0.0735 8.78779 -7.55035 242.07
-0.710508 0.016006 -0.0722 8.07728 -7.53434 241.997
-0.695399 0.020906 -0.0683 7.38188 -7.51344 241.929
-0.681788 0.016559 -0.0642 6.70009 -7.49688 241.865
-0.667948 0.018495 -0.0594 6.03215 -7.47838 241.805
-0.655589 0.015876 -0.0566 5.37656 -7.46251 241.749
-0.636771 0.018984 -0.053 4.73979 -7.44352 241.696
-0.625366 0.018485 -0.0487 4.11442 -7.42504 241.647
-0.6094 0.021334 -0.0415 3.50502 -7.4037 241.606
-0.597205 0.020691 -0.0391 2.90781 -7.38301 241.566
-0.581906 0.019161 -0.0428 2.32591 -7.36385 241.524
-0.565835 0.019403 -0.0396 1.76007 -7.34445 241.484
-0.547036 0.017398 -0.035 1.21304 -7.32705 241.449
-0.528185 0.016235 -0.027 0.684853 -7.31081 241.422
-0.514518 0.011296 -0.0226 0.170335 -7.29952 241.399
-0.49512 0.014405 -0.0207 -0.324785 -7.28511 241.379
-0.479912 0.014453 -0.017 -0.804697 -7.27066 241.362
-0.46259 0.016898 -0.0157 -1.26729 -7.25376 241.346
-0.449841 0.015739 -0.0156 -1.71713 -7.23802 241.331
-0.429933 0.010717 -0.0081 -2.14706 -7.22731 241.322
-0.412632 0.010234 -0.0041 -2.55969 -7.21707 241.318
-0.397636 0.013131 -0.0007 -2.95733 -7.20394 241.318
-0.377716 0.012403 0.0035 -3.33505 -7.19154 241.321
-0.358648 0.007722 0.0079 -3.69369 -7.18382 241.329
-0.344415 0.0116 0.0085 -4.03811 -7.17222 241.338
-0.324588 0.007588 0.0102 -4.3627 -7.16463 241.348
-0.300871 0.008459 0.0092 -4.66357 -7.15617 241.357
-0.279586 0.002935 0.0086 -4.94315 -7.15323 241.365
-0.252455 0.004668 0.0096 -5.19561 -7.14857 241.375
-0.227871 0.002621 0.0114 -5.42348 -7.14595 241.387
-0.194261 -0.000431 0.0128 -5.61774 -7.14638 241.399
-0.170235 0.001058 0.0117 -5.78798 -7.14532 241.411
-0.147636 0.003798 0.0101 -5.93561 -7.14152 241.421
-0.119572 0.000986 0.0077 -6.05518 -7.14053 241.429
-0.09376 -0.000828 0.0069 -6.14894 -7.14136 241.436
-0.075501 0.000437 0.0066 -6.22444 -7.14093 241.442
-0.067775 -0.003257 0.0058 -6.29222 -7.14418 241.448
-0.05539 -0.003123 0.0054 -6.34761 -7.14731 241.453
-0.0443 -0.004179 0.0041 -6.39191 -7.15148 241.458
-0.029992 -0.002978 0.001 -6.4219 -7.15446 241.459
-0.019133 -0.002816 -0.0012 -6.44103 -7.15728 241.457
-0.007306 -0.001046 -0.001 -6.44834 -7.15832 241.456
0.002459 -0.000102 -0.0002 -6.44588 -7.15843 241.456
0.004441 -0.000974 -0.0001 -6.44144 -7.1594 241.456
0.000321 -0.001811 0.0002 -6.44112 -7.16121 241.456
-4.3e-05 -0.000746 0.0028 -6.44116 -7.16196 241.459
0.001235 0.001032 0.0035 -6.43993 -7.16092 241.463
0.004198 -0.001802 0.0057 -6.43573 -7.16273 241.468
0.000497 -0.001522 0.005 -6.43523 -7.16425 241.473
-0.005208 -0.001894 0.0095 -6.44044 -7.16614 241.483
-0.008885 0.003849 0.0052 -6.44932 -7.16229 241.488
-0.013028 0.004398 0.0055 -6.46235 -7.1579 241.494
-0.018254 0.004666 0.0046 -6.48061 -7.15323 241.498
-0.021808 0.000728 0.0037 -6.50242 -7.1525 241.502
-0.025924 0.001247 0.0042 -6.52834 -7.15125 241.506
-0.031925 0.000745 0.0017 -6.56026 -7.15051 241.508
-0.043591 0.001214 0.0013 -6.60386 -7.1493 241.509
-0.058881 0.000132 0.0033 -6.66274 -7.14916 241.512
-0.079752 0.001694 0.0038 -6.74249 -7.14747 241.516
-0.098717 0.000708 0.0068 -6.84121 -7.14676 241.523
-0.119358 0.00069 0.0074 -6.96056 -7.14607 241.53
-0.138688 0.000975 0.0114 -7.09925 -7.1451 241.542
-0.157523 0.002129 0.0143 -7.25677 -7.14297 241.556
-0.177208 0.004844 0.019 -7.43398 -7.13812 241.575
-0.193323 0.007421 0.0229 -7.6273 -7.1307 241.598
-0.207675 0.008126 0.0255 -7.83498 -7.12258 241.623
-0.220754 0.00539 0.0378 -8.05573 -7.11719 241.661
-0.237437 0.002652 0.0438 -8.29317 -7.11454 241.705
-0.247692 0.003518 0.0546 -8.54086 -7.11102 241.76
-0.252464 0.008184 0.061 -8.79333 -7.10283 241.821
-0.257305 0.004832 0.0702 -9.05063 -7.098 241.891
-0.266092 0.005526 0.0942 -9.31672 -7.09248 241.985
-0.271507 0.004227 0.1122 -9.58823 -7.08825 242.097
-0.275375 0.002894 0.1105 -9.86361 -7.08535 242.208
-0.284464 0.003899 0.1435 -10.1481 -7.08146 242.351
-0.28906 0.005424 0.1342 -10.4371 -7.07603 242.485
-0.29053 0.006471 0.1762 -10.7277 -7.06956 242.662
-0.28693 0.005231 0.197 -11.0146 -7.06433 242.859
-0.28129 0.00516 0.1885 -11.2959 -7.05917 243.047
-0.27029 0.00056 0.247 -11.5662 -7.05861 243.294
-0.26164 -0.001099 0.2709 -11.8278 -7.05971 243.565
-0.25136 0.005484 0.245 -12.0792 -7.05422 243.81
-0.2385 0.006149 0.3118 -12.3177 -7.04807 244.122
-0.23074 0.007874 0.2848 -12.5484 -7.0402 244.407
-0.21804 0.000974 0.364 -12.7665 -7.03923 244.771
-0.20342 -0.002643 0.3935 -12.9699 -7.04187 245.164
-0.18238 -0.003651 0.3708 -13.1523 -7.04552 245.535
-0.16603 -0.01094 0.4449 -13.3183 -7.05646 245.98
-0.1513 -0.010372 0.4614 -13.4696 -7.06683 246.441
-0.13313 -0.007236 0.4457 -13.6027 -7.07407 246.887
-0.11964 -0.007668 0.495 -13.7224 -7.08174 247.382
-0.10576 -0.009969 0.4954 -13.8281 -7.09171 247.877
-0.09085 -0.016277 0.5453 -13.919 -7.10798 248.423
-0.07465 -0.018081 0.5665 -13.9936 -7.12606 248.989
-0.06391 -0.017033 0.5689 -14.0575 -7.1431 249.558
-0.04601 -0.018204 0.6106 -14.1035 -7.1613 250.169
-0.03884 -0.015893 0.6074 -14.1424 -7.17719 250.776
-0.03384 -0.016916 0.6299 -14.1762 -7.19411 251.406
0.529252 -0.033572 0.953663 -12.7615 -7.54072 253.694
-0.592884 -0.485466 0.599813 -13.4527 -6.12816 254.397
-0.198529 0.189214 0.819016 -14.4055 -8.61518 253.744
-0.500427 -0.556169 1.09732 -15.2904 -6.28183 254.235
0.0937968 0.568602 0.174402 -15.7579 -5.6063 255.747
0.428544 -0.476561 0.938871 -13.5569 -8.94287 256.053
0.194308 0.313797 0.562215 -13.2012 -8.7939 257.111
-0.348976 0.307809 0.848908 -14.9756 -5.40794 256.572
-0.0454018 -0.277556 1.27963 -12.6487 -7.83696 258.472
-0.585095 -0.2894 0.932437 -12.6356 -6.55797 258.201
-0.190605 0.586117 1.01247 -13.8524 -8.50519 257.999
-0.577221 0.518635 0.364824 -14.5857 -6.32112 261.604
0.236186 0.424037 1.02559 -15.0069 -8.67113 260.618
0.2415 0.214202 0.36139 -14.4533 -5.9309 260.042
0.101737 -0.00644624 1.28097 -15.0095 -8.5381 263.165
-0.279601 -0.19661 0.437431 -15.4473 -6.27607 263.691
0.383792 -0.316871 0.697956 -13.9269 -6.97396 265.773
-0.265855 -0.497696 0.336835 -14.3574 -6.08716 264.606
0.111876 0.0742646 0.664968 -14.5469 -7.95234 265.497
0.442944 0.0494158 1.09486 -12.8806 -8.77821 268.653
0.443392 -0.365385 0.479089 -15.2274 -8.68289 266.456
-0.545993 0.469558 1.45629 -14.371 -6.04294 270.054
0.0299482 0.100135 1.53703 -16.6118 -8.9763 268.304
0.542244 -0.503232 0.638737 -13.7657 -7.63678 269.832
-0.52714 -0.306225 0.62163 -15.0667 -8.50306 271.515
-0.037517 -0.323107 0.761826 -13.6047 -9.30928 273.359
0.412214 -0.612065 1.36575 -16.9396 -7.29692 274.06
0.37306 0.386479 1.13224 -16.4371 -9.38922 275.824
0.339421 0.551508 0.693405 -15.8405 -9.74765 274.855
0.223718 -0.229145 1.01144 -13.6145 -7.8847 278.26
-0.422436 0.143579 0.816113 -16.6245 -9.64515 279.066
0.445766 -0.549555 0.810608 -16.4002 -7.64014 279.726
-0.549342 -0.439731 0.584517 -13.892 -8.54003 281.561
0.301015 0.0589873 1.53552 -16.273 -7.56202 279.351
0.437679 -0.566558 0.681715 -14.3961 -8.72658 283.228
0.389796 0.380273 1.15722 -16.393 -7.47253 281.669
-0.307841 0.118886 1.15224 -14.1552 -7.45135 286.046
0.0311293 -0.360634 0.886231 -14.2086 -10.02 284.468
0.281064 -0.38329 1.0837 -16.2329 -7.82514 285.882
-0.179004 0.294023 1.39692 -13.7844 -8.44114 288.18
0.253879 -0.11455 0.621418 -15.9228 -7.24462 289.801
-0.263279 -0.32534 0.572065 -16.1668 -9.23198 287.9
-0.270907 -0.139358 1.53754 -16.3626 -7.22762 289.106
0.210471 0.156007 0.902353 -16.5996 -8.45137 293.893
0.278562 -0.453573 1.46337 -16.1058 -9.76641 294.871
-0.134347 -0.265592 0.630263 -17.5234 -9.16578 295.646
0.188693 0.356178 0.890049 -16.8132 -9.04443 296.65
0.00280931 0.165118 1.45042 -15.3761 -8.31764 296.715
0.390753 0.52476 1.29315 -15.8582 -10.0965 296.836
0.335859 -0.617621 1.08585 -14.1113 -8.60142 299.918
0.318752 -0.420923 1.19196 -16.479 -7.14322 299.442
0.400882 0.0500505 0.624933 -17.1722 -7.05994 300.226
-0.650391 0.349227 1.58341 -14.2846 -7.22247 301.623
-0.0288371 0.350758 1.56995 -16.2163 -8.71369 301.487
-0.258673 -0.257104 1.45499 -15.5546 -9.37827 301.698
0.282628 0.110474 1.36528 -15.0734 -9.91503 306.046
0.19475 -0.416498 1.55098 -15.0244 -7.43134 303.364
0.184685 0.0551264 1.56661 -16.1899 -9.08867 306.134
-0.106594 -0.595816 0.862544 -14.9555 -8.78004 309.334
-0.0550179 -0.18934 1.1761 -17.5336 -8.13049 309.464
-0.193457 0.345968 0.993206 -16.6328 -9.2566 309.999
-0.163813 0.337302 0.833482 -15.3329 -8.3744 310.006
-0.120728 -0.382474 0.432711 -16.7921 -10.3097 312.765
-0.168049 -0.345363 1.52842 -18.258 -8.07352 312.244
0.25359 0.165652 1.24459 -15.8166 -9.21238 315.024
0.155563 -0.300372 1.19373 -15.1975 -8.10154 316.255
0.377882 -0.054994 0.564364 -17.8151 -9.62066 313.73
0.25027 0.0719094 0.509178 -15.0039 -7.98805 314.666
0.0145066 0.410131 1.23134 -16.5968 -7.57397 318.887
-0.190603 0.0092232 1.35358 -18.0197 -7.6328 319.459
0.470219 0.522911 1.3412 -18.2002 -8.20961 321.773
0.401934 0.293788 0.549269 -15.7131 -10.0557 319.471
-0.522365 0.170527 0.673938 -19.1696 -9.38962 319.971
-0.631215 -0.552689 1.33955 -18.5753 -8.92246 324.257
-0.449396 -0.280162 1.03534 -15.9249 -10.29 325.505
-0.54755 0.50876 0.694469 -18.4095 -9.38087 323.77
-0.0860684 0.214883 1.66467 -18.4224 -9.96281 327.965
-0.47901 0.193569 0.615563 -17.3068 -7.81498 327.868
-0.510115 0.549021 1.53537 -19.1281 -8.07292 327.192
0.430984 0.338068 1.3808 -17.451 -11.0096 328.732
-0.507055 -0.182416 1.37205 -18.4124 -11.2686 329.574
0.41145 -0.477972 0.958745 -17.2751 -8.8287 330.513
0.169362 0.289483 1.38882 -17.7114 -7.50287 334.666
0.318185 -0.423544 1.05575 -16.1521 -9.52117 334.894
-0.55909 -0.0968011 0.892175 -16.6828 -8.7696 335.91
-0.328433 -0.0330172 0.989459 -18.8521 -8.79422 335.195
0.329399 0.345714 1.57978 -16.2227 -9.30453 338.89
-0.0388932 0.482868 1.08568 -16.2141 -8.15717 336.392
-0.279471 0.362559 0.656828 -19.036 -8.19581 339.533
0.0128888 -0.126035 0.78792 -19.1858 -11.008 340.827
-0.27052 -0.145094 0.675735 -16.4553 -10.4317 341.79
-0.154361 0.127838 0.856965 -19.4904 -7.76925 341.934
-0.0878758 0.20622 1.45595 -19.2799 -7.96386 341.329
-0.0820838 0.103692 0.774944 -18.0535 -8.93585 342.486
-0.0675989 0.0891414 0.75114 -18.612 -10.8947 346.834
-0.34939 -0.389545 0.887186 -20.177 -9.54705 344.5
-0.0867566 0.16255 0.510299 -16.5231 -8.80507 346.425
0.459926 0.180018 0.907146 -20.2814 -8.55985 348.502
0.223831 -0.141694 0.373464 -17.8349 -8.16063 349.846
-0.426628 0.448582 1.01962 -19.9912 -8.34217 348.642
0.466841 0.156969 1.52443 -19.636 -9.57294 349.993
0.158611 -0.130274 0.976595 -20.5739 -8.08969 353.47
-0.390008 0.216369 0.780214 -20.144 -9.54756 351.741
-0.574878 -0.618712 0.469651 -19.3755 -8.65219 354.982
-0.253129 -0.212127 0.526067 -20.8111 -9.80264 353.179
0.533845 -0.43263 0.7832 -17.5329 -11.963 354.467
-0.482782 -0.0215827 0.450836 -19.2988 -9.51241 358.11
-0.235728 -0.531307 0.388278 -18.8729 -10.804 358.55
0.512673 0.320136 0.337738 -17.1868 -9.8635 355.785
-0.59544 -0.00789754 0.555624 -20.9001 -9.73501 356.977
-0.291498 0.485218 0.589577 -19.8201 -11.5667 357.67
-0.0393925 -0.580645 1.09429 -20.2717 -8.65117 359.244
-0.428539 0.34221 0.774986 -17.9547 -9.86073 361.585
-0.352827 0.497949 1.0854 -19.1797 -9.32753 363.34
0.221479 -0.225707 0.595178 -21.1675 -9.05793 360.924
-0.0927732 -0.231909 0.76407 -19.2682 -9.09736 362.138
0.307549 -0.165423 0.0854903 -18.7971 -10.0404 363.803
-0.378455 0.452837 1.02902 -20.1531 -9.72047 364.706
-0.459861 0.53697 0.138986 -18.2472 -10.4469 364.836
0.363365 -0.235111 0.238401 -21.0616 -11.8853 363.871
0.535297 0.470158 0.583089 -18.9542 -10.375 364.264
0.179107 -0.487167 0.609316 -17.9848 -9.68943 367.052
-0.189794 -0.345213 0.431836 -21.1185 -10.6451 366.263
-0.36407 0.464911 0.736738 -19.5139 -9.74218 366.21
-0.297309 0.133388 1.04079 -19.7065 -8.60209 366.132
-0.392125 -0.54968 -0.115409 -19.8477 -11.9728 366.004
-0.218019 0.175402 0.278905 -19.9246 -9.52478 370.187
-0.0228303 0.0216476 -0.0187533 -19.9465 -10.7799 369.981
0.0195308 -0.389462 0.688499 -18.6914 -12.5283 367.441
-0.670722 0.26827 -0.134942 -22.0464 -11.1863 367.989
-0.102175 -0.181739 0.145385 -21.8292 -10.2072 371.162
0.119773 0.139968 0.914818 -21.8681 -11.9517 370.022
0.118967 0.0824818 0.710228 -22.2433 -11.2867 369.919
-0.271805 0.56097 0.959177 -19.2339 -12.352 370.12
0.329344 -0.374228 0.296663 -21.7941 -8.99841 370.766
0.226859 -0.184639 0.29307 -21.8856 -11.8947 373.33
-0.302099 -0.54429 0.122232 -19.6631 -11.2415 373.407
0.0799201 0.357938 0.630848 -20.4868 -12.2075 373.063
-0.19864 -0.0540687 -0.0941869 -23.8758 -9.33221 372.523
-0.507992 0.040046 0.0783428 -22.212 -12.7492 372.826
-0.854636 -0.163529 -0.160249 -22.5504 -12.1669 372.654
-0.944357 0.0905258 0.142346 -25.0647 -9.20503 373.538
-0.599266 -0.446227 0.641514 -22.3833 -10.9904 372.691
-0.333323 0.157014 0.0361573 -24.789 -9.05346 373.393
0.0526904 0.24027 -0.102967 -24.3579 -8.76301 375.407
-0.288211 0.258211 0.00791792 -24.6565 -10.8617 374.744
-0.663482 -0.328511 0.411202 -26.9861 -11.0719 374.945
-0.386743 0.162084 0.399827 -25.3338 -11.7296 374.211
-0.450333 -0.581143 0.137451 -25.8912 -11.0423 375.883
-0.132364 0.52058 -0.219231 -28.1327 -12.1763 377.089
-0.344963 0.0281013 0.600261 -26.0072 -10.5035 374.294
-0.73596 0.155889 -0.373869 -25.9986 -9.56677 373.309
-0.14435 0.305263 -0.265226 -26.5579 -12.2867 373.485
-1.00223 -0.0996899 0.145253 -27.2458 -12.5209 375.122
-0.776698 0.113791 -0.48734 -30.3346 -9.81035 373.181
-0.947176 -0.300612 0.468967 -30.1445 -12.3723 374.732
-0.955758 -0.553794 0.0731425 -30.894 -11.8974 373.685
-0.2874 -0.0682517 -0.360107 -30.1179 -11.0461 374.198
-0.195049 -0.268573 -0.322775 -33.8244 -8.87562 373.678
-0.553926 -0.225104 0.458554 -31.193 -11.6525 372.764
-1.24393 -0.16402 -0.126549 -32.4147 -12.0803 374.733
-0.735929 0.417602 0.0749741 -35.4365 -11.3853 375.416
-1.12583 -0.537062 -0.113194 -33.0177 -9.89813 375.613
-0.366139 -0.236154 -0.366256 -35.9215 -9.13615 373.46
-0.470696 -0.401483 0.294078 -34.5138 -9.55979 373.382
-0.503788 -0.0454322 -0.662688 -37.753 -8.61988 373.446
-0.329701 0.19662 0.341805 -35.691 -11.2184 372.463
-1.32811 -0.234767 -0.465222 -36.5088 -10.9211 372.638
-0.712788 -0.160215 0.155888 -37.155 -9.09439 373.088
-1.366 -0.234645 -0.0925021 -40.4382 -10.1136 374.383
-0.954738 0.125905 -0.166689 -42.5709 -8.31022 375.184
-0.408876 0.152251 0.161678 -41.2708 -11.8493 373.124
-1.29876 0.180183 0.0721623 -40.4751 -11.9001 372.808
-1.18315 0.0120115 0.128494 -44.5154 -11.4501 371.813
-0.937494 -0.0430948 0.0468059 -43.5518 -9.40713 373.347
-0.511573 0.415577 0.378992 -46.3784 -10.3527 373.21
-0.699209 -0.189438 -0.305387 -44.3494 -10.704 371.756
-1.18057 -0.386618 0.487698 -45.3709 -11.845 372.215
-1.31125 -0.288034 -0.159645 -48.4594 -10.5474 371.493
-0.48879 0.155213 -0.300924 -49.6904 -8.22427 373.709
-1.17316 0.0675126 0.0836418 -49.0165 -8.69624 372.341
-0.535702 0.623037 0.227636 -50.2157 -10.1773 372.57
-0.42583 0.399177 -0.341128 -49.3402 -9.46726 373.622
-0.939762 0.312164 0.316588 -51.3194 -11.0643 373.707
-0.552725 -0.05671 -0.534952 -54.6697 -9.82365 372.018
-0.706423 -0.267694 -0.535033 -55.487 -9.86956 373.477
-0.40069 0.199873 -0.617909 -56.2923 -10.832 373.966
-0.579866 0.300109 0.184292 -57.4124 -8.24802 373.441
-1.43567 -0.139101 0.36613 -54.9401 -8.8864 373.81
-1.40697 -0.319781 0.285963 -57.2449 -8.33759 372.38
-1.38474 -0.395112 -0.343382 -58.0551 -8.05217 373.333
-1.08375 -0.433462 -0.187799 -58.359 -8.54205 374.749
-1.16565 -0.276535 -0.153213 -60.8244 -9.87198 373.762
-1.37523 0.189283 0.0493676 -61.1642 -11.1511 373.039
-0.446981 -0.397026 -0.284915 -61.1649 -7.55142 371.896
-1.45703 0.58954 0.192942 -63.9197 -7.62782 371.635
-0.982908 -0.24797 -0.379868 -62.5815 -8.09364 374.116
-1.11184 -0.01923 0.360082 -65.1949 -8.13714 373.945
-0.49839 -0.153389 -0.0252749 -64.1303 -10.9872 372.282
-1.38008 -0.0847124 0.159657 -66.6505 -9.16138 373.121
-0.89401 0.033667 -0.0688 -67.5092 -9.20092 372.402
-0.89602 0.029406 -0.0688 -68.4052 -9.17151 372.333
-0.89479 0.028355 -0.0616 -69.3 -9.14316 372.272
-0.88616 0.030486 -0.063 -70.1862 -9.11267 372.209
-0.88521 0.030845 -0.0624 -71.0714 -9.08183 372.146
-0.88711 0.030264 -0.0629 -71.9585 -9.05156 372.083
-0.88685 0.029658 -0.055 -72.8453 -9.02191 372.028
-0.88614 0.032712 -0.0525 -73.7315 -8.98919 371.976
-0.88164 0.034048 -0.0482 -74.6131 -8.95514 371.928
-0.8822 0.034492 -0.0416 -75.4953 -8.92065 371.886
-0.8743 0.034938 -0.0368 -76.3696 -8.88571 371.849
-0.87417 0.032187 -0.0317 -77.2438 -8.85353 371.818
-0.87226 0.031538 -0.0303 -78.1161 -8.82199 371.787
-0.86869 0.028917 -0.0271 -78.9847 -8.79307 371.76
-0.865 0.025808 -0.0248 -79.8497 -8.76727 371.735
-0.86811 0.027993 -0.0169 -80.7178 -8.73927 371.719
-0.86623 0.029429 -0.0117 -81.5841 -8.70984 371.707
-0.86465 0.029606 -0.0094 -82.4487 -8.68024 371.697
-0.86305 0.031888 -0.0026 -83.3118 -8.64835 371.695
-0.857 0.030385 0.0032 -84.1688 -8.61796 371.698
-0.84681 0.02835 0.0061 -85.0156 -8.58961 371.704
-0.82712 0.027598 0.0058 -85.8427 -8.56202 371.71
-0.80942 0.027316 0.0082 -86.6521 -8.5347 371.718
-0.79335 0.023227 0.0072 -87.4455 -8.51147 371.725
-0.77021 0.023186 0.0088 -88.2157 -8.48829 371.734
-0.75102 0.020187 0.0079 -88.9667 -8.4681 371.742
-0.72872 0.019861 0.0063 -89.6954 -8.44824 371.748
-0.70723 0.02163 0.007 -90.4027 -8.42661 371.755
-0.68449 0.01602 0.0001 -91.0871 -8.41059 371.755
-0.65706 0.013676 -0.0016 -91.7442 -8.39691 371.754
-0.63265 0.019109 -0.0066 -92.3769 -8.3778 371.747
-0.61405 0.017989 -0.0093 -92.9909 -8.35981 371.738
-0.59366 0.016222 -0.0166 -93.5846 -8.34359 371.721
-0.5966 0.016469 -0.0213 -94.1812 -8.32712 371.7
-0.59343 0.017832 -0.0268 -94.7746 -8.30929 371.673
-0.59228 0.016534 -0.0277 -95.3669 -8.29276 371.646
-0.58729 0.0138 -0.0354 -95.9542 -8.27896 371.61
-0.58363 0.0151 -0.0395 -96.5378 -8.26386 371.571
-0.5782 0.016236 -0.0429 -97.116 -8.24762 371.528
-0.5769 0.018173 -0.0437 -97.6929 -8.22945 371.484
-0.57703 0.015998 -0.0452 -98.2699 -8.21345 371.439
-0.57643 0.014417 -0.0498 -98.8464 -8.19903 371.389
-0.58248 0.012377 -0.0566 -99.4288 -8.18666 371.332
-0.58796 0.015561 -0.0607 -100.017 -8.1711 371.272
-0.5933 0.01467 -0.0603 -100.61 -8.15643 371.211
-0.6023 0.014975 -0.0613 -101.212 -8.14145 371.15
-0.6074 0.014296 -0.0684 -101.82 -8.12716 371.082
-0.6111 0.01426 -0.0762 -102.431 -8.11289 371.005
-0.6182 0.016849 -0.0756 -103.049 -8.09605 370.93
-0.6277 0.017756 -0.0713 -103.677 -8.07829 370.859
-0.6366 0.017313 -0.0699 -104.313 -8.06098 370.789
-0.6503 0.018587 -0.0758 -104.964 -8.04239 370.713
-0.6646 0.022978 -0.0786 -105.628 -8.01941 370.634
-0.6731 0.024309 -0.0811 -106.301 -7.9951 370.553
-0.6985 0.033336 -0.0834 -107 -7.96177 370.47
-0.7096 0.034654 -0.0861 -107.71 -7.92711 370.384
-0.7164 0.034898 -0.0838 -108.426 -7.89222 370.3
-0.7215 0.029028 -0.0814 -109.147 -7.86319 370.219
-0.7261 0.040394 -0.0781 -109.874 -7.82279 370.14
-0.7518 0.047174 -0.0768 -110.625 -7.77562 370.064
-0.7886 0.048398 -0.0731 -111.414 -7.72722 369.99
-0.8109 0.0366 -0.0748 -112.225 -7.69062 369.916
-0.8143 0.042039 -0.0662 -113.039 -7.64858 369.849
-0.8113 0.051032 -0.062 -113.85 -7.59755 369.788
-0.8206 0.046407 -0.065 -114.671 -7.55114 369.723
-0.8415 0.044447 -0.0653 -115.513 -7.5067 369.657
-0.869 0.035937 -0.0693 -116.382 -7.47076 369.588
-0.8939 0.038478 -0.0704 -117.275 -7.43228 369.517
-0.9029 0.039768 -0.0624 -118.178 -7.39251 369.455
-0.9007 0.039822 -0.0531 -119.079 -7.35269 369.402
-0.9114 0.035807 -0.0383 -119.99 -7.31688 369.364
-0.9272 0.029009 -0.0262 -120.918 -7.28787 369.337
-0.9529 0.019863 -0.0251 -121.871 -7.26801 369.312
-0.9738 0.025033 -0.0214 -122.844 -7.24298 369.291
-0.9777 0.032622 -0.0225 -123.822 -7.21036 369.269
-0.976 0.038955 -0.0175 -124.798 -7.1714 369.251
-0.9759 0.041682 -0.015 -125.774 -7.12972 369.236
-0.9834 0.035461 -0.0074 -126.757 -7.09426 369.229
-0.9919 0.026953 -0.0066 -127.749 -7.06731 369.222
-0.995 0.02769 -0.0058 -128.744 -7.03962 369.216
-0.995 0.029563 -0.0103 -129.739 -7.01005 369.206
-0.9989 0.031271 -0.0146 -130.738 -6.97878 369.191
-1.0005 0.034124 -0.0159 -131.739 -6.94466 369.175
-0.9984 0.035506 -0.0141 -132.737 -6.90915 369.161
-0.9879 0.036152 -0.0103 -133.725 -6.873 369.151
-0.9858 0.036404 -0.009 -134.711 -6.8366 369.142
-0.9888 0.034744 -0.0107 -135.7 -6.80185 369.131
-0.9937 0.034366 -0.0146 -136.693 -6.76749 369.117
-0.9928 0.034354 -0.0253 -137.686 -6.73313 369.091
-0.9819 0.035742 -0.0284 -138.668 -6.69739 369.063
-0.9723 0.031629 -0.0368 -139.64 -6.66576 369.026
-0.9676 0.032901 -0.0422 -140.608 -6.63286 368.984
-0.97 0.030721 -0.0411 -141.578 -6.60214 368.943
-0.9676 0.026819 -0.0335 -142.545 -6.57532 368.909
-0.9697 0.027641 -0.036 -143.515 -6.54768 368.873
-0.9709 0.030577 -0.0344 -144.486 -6.5171 368.839
-0.9669 0.033539 -0.0386 -145.453 -6.48356 368.8
-0.9675 0.038346 -0.0424 -146.42 -6.44522 368.758
-0.957 0.041632 -0.0485 -147.377 -6.40358 368.709
-0.9486 0.040826 -0.0558 -148.326 -6.36276 368.654
-0.9492 0.041319 -0.0556 -149.275 -6.32144 368.598
-0.9526 0.033265 -0.0574 -150.228 -6.28817 368.541
-0.9567 0.032052 -0.057 -151.185 -6.25612 368.484
-0.9528 0.036943 -0.0587 -152.137 -6.21918 368.425
-0.9466 0.043424 -0.0571 -153.084 -6.17576 368.368
-0.9456 0.037428 -0.0612 -154.03 -6.13833 368.307
-0.939 0.036932 -0.065 -154.969 -6.1014 368.242
-0.9331 0.036754 -0.0665 -155.902 -6.06464 368.175
-0.9324 0.035763 -0.0644 -156.834 -6.02888 368.111
-0.9274 0.036581 -0.0659 -157.761 -5.9923 368.045
-0.9221 0.032813 -0.0604 -158.684 -5.95948 367.985
-0.9181 0.031788 -0.0547 -159.602 -5.9277 367.93
-0.918 0.033333 -0.0561 -160.52 -5.89436 367.874
-0.9175 0.033219 -0.0532 -161.437 -5.86114 367.82
-0.9158 0.034568 -0.0508 -162.353 -5.82658 367.77
-0.902 0.037073 -0.0491 -163.255 -5.7895 367.721
-0.89 0.039341 -0.0499 -164.145 -5.75016 367.671
-0.8804 0.041144 -0.0479 -165.025 -5.70902 367.623
-0.8661 0.042039 -0.0486 -165.891 -5.66698 367.574
-0.852 0.039171 -0.0494 -166.743 -5.62781 367.525
-0.8437 0.036411 -0.0512 -167.587 -5.5914 367.474
-0.8276 0.03119 -0.0471 -168.415 -5.56021 367.426
-0.7991 0.029631 -0.0417 -169.214 -5.53058 367.385
-0.7759 0.03287 -0.0377 -169.99 -5.49771 367.347
-0.7575 0.032425 -0.0416 -170.747 -5.46528 367.305
-0.7477 0.029132 -0.0361 -171.495 -5.43615 367.269
-0.7349 0.027416 -0.032 -172.23 -5.40873 367.237
-0.7015 0.024129 -0.0361 -172.931 -5.3846 367.201
-0.6756 0.022154 -0.0405 -173.607 -5.36245 367.161
-0.6481 0.021903 -0.0423 -174.255 -5.34055 367.118
-0.6317 0.02255 -0.0425 -174.887 -5.318 367.076
-0.6176 0.023338 -0.0475 -175.504 -5.29466 367.029
-0.6092 0.01748 -0.0522 -176.113 -5.27718 366.976
-0.5929 0.017659 -0.0484 -176.706 -5.25952 366.928
-0.5815 0.017419 -0.0516 -177.288 -5.2421 366.876
-0.5637 0.018035 -0.0512 -177.852 -5.22407 366.825
-0.5542 0.023341 -0.0543 -178.406 -5.20073 366.771
-0.5425 0.022625 -0.0702 -178.948 -5.1781 366.701
-0.5339 0.020422 -0.0815 -179.482 -5.15768 366.619
-0.5306 0.019816 -0.0952 -180.013 -5.13786 366.524
-0.5117 0.022911 -0.1317 -180.524 -5.11495 366.392
-0.5165 0.023947 -0.135 -181.041 -5.09101 366.257
-0.5074 0.025311 -0.1503 -181.548 -5.06569 366.107
-0.475 0.023217 -0.2127 -182.023 -5.04248 365.894
-0.4835 0.025895 -0.1933 -182.507 -5.01658 365.701
-0.4698 0.026374 -0.215 -182.977 -4.99021 365.486
-0.4225 0.02971 -0.2944 -183.399 -4.9605 365.192
-0.4317 0.029004 -0.2688 -183.831 -4.93149 364.923
-0.4118 0.025077 -0.2899 -184.243 -4.90642 364.633
-0.3533 0.025965 -0.3883 -184.596 -4.88045 364.245
-0.3719 0.023682 -0.3426 -184.968 -4.85677 363.902
-0.3501 0.024771 -0.3639 -185.318 -4.832 363.538
-0.282 0.026068 -0.4728 -185.6 -4.80593 363.065
-0.3006 0.030424 -0.4199 -185.901 -4.77551 362.645
-0.2225 0.030999 -0.5288 -186.123 -4.74451 362.116
-0.2415 0.031288 -0.465 -186.365 -4.71322 361.651
-0.2111 0.0258 -0.4882 -186.576 -4.68742 361.163
-0.1504 0.032445 -0.5827 -186.726 -4.65498 360.581
-0.1575 0.029349 -0.5292 -186.884 -4.62563 360.051
-0.116 0.033391 -0.5535 -187 -4.59223 359.498
-0.0643 0.031535 -0.6141 -187.064 -4.5607 358.884
-0.0608 0.029466 -0.5867 -187.125 -4.53123 358.297
-0.0276 0.025611 -0.6215 -187.152 -4.50562 357.676
-0.0274 0.032011 -0.6202 -187.18 -4.47361 357.055
-0.0158 0.032732 -0.6361 -187.196 -4.44088 356.419
-0.0105 0.028336 -0.6458 -187.206 -4.41254 355.774
-0.0066 0.019432 -0.6472 -187.213 -4.39311 355.126
0.0029 0.023826 -0.6605 -187.21 -4.36929 354.466
0.0123 0.03013 -0.6649 -187.197 -4.33916 353.801
0.0272 0.022388 -0.6805 -187.17 -4.31677 353.12
0.045 0.018078 -0.6979 -187.125 -4.29869 352.423
0.0469 0.018853 -0.7096 -187.078 -4.27984 351.713
0.0479 0.018634 -0.7191 -187.03 -4.2612 350.994
0.0594 0.019134 -0.733 -186.971 -4.24207 350.261
0.0667 0.020744 -0.7451 -186.904 -4.22133 349.516
0.0674 0.021843 -0.7566 -186.837 -4.19948 348.759
0.067 0.022145 -0.7734 -186.77 -4.17734 347.986
0.0697 0.023715 -0.7862 -186.7 -4.15362 347.2
0.0789 0.023787 -0.8018 -186.621 -4.12983 346.398
0.0884 0.025473 -0.8127 -186.533 -4.10436 345.585
0.0914 0.027272 -0.8233 -186.441 -4.07709 344.762
0.0985 0.033109 -0.8266 -186.343 -4.04398 343.935
0.1008 0.028615 -0.8395 -186.242 -4.01537 343.096
0.1041 0.02808 -0.85 -186.138 -3.98729 342.246
0.1021 0.026721 -0.8672 -186.036 -3.96056 341.378
0.0991 0.023972 -0.883 -185.937 -3.93659 340.495
0.1007 0.023625 -0.8947 -185.836 -3.91297 339.601
0.0955 0.019637 -0.9044 -185.741 -3.89333 338.696
0.0908 0.024381 -0.9071 -185.65 -3.86895 337.789
0.0911 0.02564 -0.9192 -185.559 -3.84331 336.87
0.0889 0.023554 -0.9212 -185.47 -3.81976 335.949
0.0873 0.024726 -0.9294 -185.383 -3.79503 335.019
0.0824 0.030055 -0.931 -185.3 -3.76498 334.088
0.0818 0.03134 -0.9339 -185.218 -3.73364 333.154
0.0842 0.035349 -0.9337 -185.134 -3.69829 332.221
0.0808 0.036225 -0.9251 -185.053 -3.66206 331.296
0.0793 0.034782 -0.9229 -184.974 -3.62728 330.373
0.0746 0.03781 -0.9335 -184.899 -3.58947 329.439
0.0738 0.035286 -0.9262 -184.826 -3.55418 328.513
0.0738 0.035286 -0.9262 -184.826 -3.55418 328.513
