0.0132948 0.012347 0.999835 0.0132948 0.012347 0.999835
0.0144962 -0.0479143 0.857868 0.027791 -0.0355673 1.8577
-0.0304202 -0.0279055 0.859447 -0.00262921 -0.0634728 2.71715
-0.0648941 -0.00268226 0.856973 -0.0675233 -0.0661551 3.57412
-0.0182938 -0.0180472 0.860051 -0.0858172 -0.0842023 4.43417
-0.0321399 -0.00560604 0.858779 -0.117957 -0.0898083 5.29295
-0.0358769 -0.0170142 0.859622 -0.153834 -0.106822 6.15257
-0.0326608 -0.0025864 0.858821 -0.186495 -0.109409 7.0114
-0.013242 -0.012932 0.860107 -0.199737 -0.122341 7.8715
-0.00580036 0.000240544 0.860578 -0.205537 -0.1221 8.73208
-0.0661755 -0.0199513 0.856349 -0.271713 -0.142052 9.58843
-0.0467576 -0.00743544 0.859129 -0.31847 -0.149487 10.4476
-0.0495876 -0.00717892 0.858897 -0.368058 -0.156666 11.3065
-0.0452073 0.00644873 0.858379 -0.413265 -0.150217 12.1648
-0.0535957 -0.0180475 0.854001 -0.466861 -0.168265 13.0188
-0.0668933 -0.00302709 0.861067 -0.533754 -0.171292 13.8799
-0.0772135 -0.0258446 0.866909 -0.610968 -0.197136 14.7468
-0.0626427 -0.0116573 0.879309 -0.67361 -0.208794 15.6261
-0.0597743 -0.0103049 0.889857 -0.733385 -0.219099 16.516
-0.0362163 -0.0110842 0.900925 -0.769601 -0.230183 17.4169
-0.0463869 -0.0364591 0.904242 -0.815988 -0.266642 18.3211
-0.0578498 -0.0112926 0.911141 -0.873838 -0.277935 19.2323
-0.0614126 -0.0128125 0.912947 -0.93525 -0.290747 20.1452
-0.0416682 -0.0220799 0.917296 -0.976918 -0.312827 21.0625
-0.026781 -0.0182555 0.928131 -1.0037 -0.331083 21.9907
-0.0946121 -0.0115531 0.931282 -1.09831 -0.342636 22.9219
-0.0522373 -0.00719115 0.935849 -1.15055 -0.349827 23.8578
-0.0586279 -0.0125678 0.942102 -1.20918 -0.362395 24.7999
-0.0723055 -0.00487058 0.944104 -1.28148 -0.367265 25.744
-0.0506904 -0.013417 0.947979 -1.33217 -0.380682 26.692
-0.0674153 0.00285189 0.950913 -1.39959 -0.37783 27.6429
-0.0710843 0.000610483 0.9574 -1.47067 -0.37722 28.6003
-0.0598009 -0.0117893 0.967952 -1.53047 -0.389009 29.5682
-0.0982489 -0.0079168 0.972046 -1.62872 -0.396926 30.5403
-0.0514063 -0.00622275 0.979462 -1.68013 -0.403149 31.5197
-0.0182851 -0.0062046 0.980428 -1.69841 -0.409353 32.5002
-0.0855036 0.000786899 0.976835 -1.78392 -0.408566 33.477
-0.0712781 -0.00803926 0.983218 -1.8552 -0.416606 34.4602
-0.115974 -0.000241515 1.00669 -1.97117 -0.416847 35.4669
-0.0696491 -0.0172129 1.05802 -2.04082 -0.43406 36.5249
-0.0867242 -0.0212447 1.04081 -2.12754 -0.455305 37.5658
-0.0505719 -0.0159492 1.0452 -2.17811 -0.471254 38.611
-0.0948338 -0.00146582 1.03071 -2.27295 -0.47272 39.6417
-0.0564961 -0.00527604 1.03633 -2.32944 -0.477996 40.678
-0.0838611 0.0093989 1.0223 -2.41331 -0.468597 41.7003
-0.0664187 -0.0106155 1.02265 -2.47972 -0.479213 42.7229
-0.0543036 -0.00417054 1.01105 -2.53403 -0.483383 43.734
-0.0788117 -0.0220158 1.00459 -2.61284 -0.505399 44.7386
-0.0758957 -0.0191685 1.0006 -2.68874 -0.524567 45.7392
-0.0587325 -0.0233805 0.999699 -2.74747 -0.547948 46.7389
-0.0754978 -0.0103541 0.994713 -2.82297 -0.558302 47.7336
-0.134407 -0.00564509 0.979845 -2.95737 -0.563947 48.7134
0.0379206 -0.0448043 0.978782 -2.91945 -0.608751 49.6922
-0.0680795 -0.0126349 0.982049 -2.98753 -0.621386 50.6743
-0.0807551 -0.0419654 0.979345 -3.06829 -0.663352 51.6536
-0.0887525 -0.0174674 0.974959 -3.15704 -0.680819 52.6286
-0.0837206 -0.0142399 0.968883 -3.24076 -0.695059 53.5975
-0.0318616 -0.0279226 0.964497 -3.27262 -0.722982 54.5619
-0.0672589 -0.0116171 0.963435 -3.33988 -0.734599 55.5254
-0.0683367 0.0051906 0.958563 -3.40822 -0.729408 56.4839
-0.0958661 -0.0297681 0.959096 -3.50408 -0.759176 57.443
-0.0935866 -0.00290047 0.959475 -3.59767 -0.762077 58.4025
-0.0805999 -0.0236875 0.950633 -3.67827 -0.785764 59.3532
-0.0786953 0.0081016 0.940313 -3.75696 -0.777662 60.2935
-0.0787632 -0.0155329 0.92385 -3.83573 -0.793195 61.2173
-0.0701179 -0.0281602 0.91444 -3.90585 -0.821356 62.1318
-0.0831235 -0.0162403 0.909879 -3.98897 -0.837596 63.0416
-0.0950547 -0.0249971 0.89624 -4.08402 -0.862593 63.9379
-0.039963 -0.0232279 0.884754 -4.12399 -0.885821 64.8226
-0.0756164 -0.00543847 0.868498 -4.1996 -0.891259 65.6911
-0.0737078 0.000815439 0.854913 -4.27331 -0.890444 66.546
-0.153724 0.0268646 0.83164 -4.42704 -0.863579 67.3777
-0.0671234 -0.00147601 0.829061 -4.49416 -0.865055 68.2067
-0.0691471 0.0004109 0.816689 -4.56331 -0.864644 69.0234
-0.071164 -0.000943506 0.804414 -4.63447 -0.865588 69.8278
-0.0749322 -0.00930022 0.793445 -4.7094 -0.874888 70.6213
-0.0795243 -0.00859028 0.775294 -4.78893 -0.883478 71.3966
-0.0490271 0.000693742 0.755049 -4.83795 -0.882785 72.1516
-0.0622695 0.0133189 0.731229 -4.90022 -0.869466 72.8829
-0.0679264 -0.00131923 0.712767 -4.96815 -0.870785 73.5956
-0.0644552 0.00333751 0.695304 -5.0326 -0.867447 74.2909
-0.0628869 -0.00551642 0.677076 -5.09549 -0.872964 74.968
-0.0173677 -0.00687124 0.659574 -5.11286 -0.879835 75.6276
-0.056575 -0.00847252 0.631336 -5.16943 -0.888308 76.2589
-0.044198 -0.0109946 0.612516 -5.21363 -0.899302 76.8714
-0.0342111 -0.0217836 0.595379 -5.24784 -0.921086 77.4668
-0.0460918 -0.0286204 0.581891 -5.29394 -0.949706 78.0487
-0.0698152 -0.0322576 0.567406 -5.36375 -0.981964 78.6161
-0.0285727 -0.0117922 0.556163 -5.39232 -0.993756 79.1723
-0.00376374 -0.038487 0.542704 -5.39609 -1.03224 79.715
-0.0137135 -0.01077 0.531694 -5.4098 -1.04301 80.2467
-0.0720894 -0.0179084 0.507232 -5.48189 -1.06092 80.7539
0.00281967 -0.00377755 0.502001 -5.47907 -1.0647 81.2559
-0.0201743 -0.00249607 0.487673 -5.49924 -1.0672 81.7436
0.0152378 -0.00524829 0.474363 -5.48401 -1.07244 82.2179
0.0203319 -0.0070896 0.459775 -5.46367 -1.07953 82.6777
0.0416012 -0.00680318 0.453075 -5.42207 -1.08634 83.1308
0.0492538 -0.0132424 0.447276 -5.37282 -1.09958 83.5781
0.0705653 0.00369993 0.431981 -5.30225 -1.09588 84.01
0.0980973 -0.0152212 0.427328 -5.20416 -1.1111 84.4374
0.120906 -0.00341082 0.414592 -5.08325 -1.11451 84.852
0.104348 0.000774985 0.399753 -4.9789 -1.11374 85.2517
0.162452 -0.00774234 0.383589 -4.81645 -1.12148 85.6353
0.165572 0.014081 0.360493 -4.65088 -1.1074 85.9958
0.221173 -5.72181e-05 0.337147 -4.42971 -1.10745 86.3329
0.21962 0.00392003 0.330533 -4.21009 -1.10353 86.6635
0.242305 -0.000618113 0.290891 -3.96778 -1.10415 86.9544
0.264802 -0.00458961 0.282577 -3.70298 -1.10874 87.2369
0.283699 -0.0245815 0.241805 -3.41928 -1.13332 87.4788
0.289528 -0.0244189 0.257399 -3.12975 -1.15774 87.7362
0.287852 -0.0129928 0.253139 -2.8419 -1.17074 87.9893
0.312396 -0.0379794 0.20584 -2.5295 -1.20871 88.1951
0.33107 -0.0147542 0.186637 -2.19843 -1.22347 88.3818
0.325434 0.002177 0.178119 -1.873 -1.22129 88.5599
0.351729 -0.0312043 0.141141 -1.52127 -1.2525 88.701
0.361078 -0.0178022 0.120708 -1.16019 -1.2703 88.8217
0.364703 -0.0060202 0.093232 -0.79549 -1.27632 88.915
0.380768 -0.00561555 0.0764863 -0.414722 -1.28193 88.9915
0.376296 -0.00639795 0.0839537 -0.0384261 -1.28833 89.0754
0.366463 0.00249165 0.120246 0.328037 -1.28584 89.1957
0.377698 0.0157102 0.089989 0.705735 -1.27013 89.2856
0.38453 -0.0240429 0.0807891 1.09027 -1.29417 89.3664
0.399006 -0.00246783 0.0643941 1.48927 -1.29664 89.4308
0.408155 0.00399192 0.051074 1.89743 -1.29265 89.4819
0.422336 0.0136875 0.0367908 2.31976 -1.27896 89.5187
0.428444 0.0153147 0.0272058 2.74821 -1.26365 89.5459
0.445186 0.0165436 0.0661704 3.19339 -1.2471 89.6121
0.466467 0.00938767 0.041625 3.65986 -1.23772 89.6537
0.475052 0.00474295 0.0199816 4.13491 -1.23297 89.6737
0.487727 0.00428666 0.01014 4.62264 -1.22869 89.6838
0.497024 0.0101896 0.0332755 5.11966 -1.2185 89.7171
0.51463 0.0133238 0.0178475 5.63429 -1.20517 89.7349
0.529885 0.0107264 0.0261481 6.16418 -1.19445 89.7611
0.545576 0.0134432 0.0240657 6.70975 -1.181 89.7852
0.56362 0.0130911 0.021122 7.27337 -1.16791 89.8063
0.58328 0.0335033 0.00557467 7.85665 -1.13441 89.8118
0.603254 0.0103231 0.00302902 8.45991 -1.12409 89.8149
0.61874 0.0144024 0.0283664 9.07865 -1.10968 89.8432
0.639719 0.0133641 0.00256094 9.71837 -1.09632 89.8458
0.654763 0.017114 0.00810299 10.3731 -1.0792 89.8539
0.673503 0.0189626 0.0183945 11.0466 -1.06024 89.8723
0.685548 0.0227776 0.0267465 11.7322 -1.03746 89.899
0.707236 0.0209353 0.00242687 12.4394 -1.01653 89.9015
0.723039 0.0190032 0.0161519 13.1625 -0.997526 89.9176
0.738765 0.0235822 0.0176233 13.9012 -0.973944 89.9353
0.756795 0.0298899 0.0559241 14.658 -0.944054 89.9912
0.76992 0.0443238 0.0366363 15.4279 -0.89973 90.0278
0.786858 0.0429236 0.0151102 16.2148 -0.856807 90.0429
0.794895 0.0317476 0.00666972 17.0097 -0.825059 90.0496
0.801665 0.0214642 0.0504081 17.8114 -0.803595 90.1
0.805188 -0.0226341 -0.00782356 18.6165 -0.826229 90.0922
0.805308 0.0370292 0.0855511 19.4218 -0.7892 90.1777
0.813801 0.0095877 0.0565364 20.2356 -0.779612 90.2343
0.814852 0.0236093 0.0883028 21.0505 -0.756003 90.3226
0.818225 0.0129136 0.0592828 21.8687 -0.743089 90.3818
0.815401 0.0180526 0.0761092 22.6841 -0.725037 90.458
0.818563 -0.0122676 0.0356222 23.5027 -0.737304 90.4936
0.815911 0.0249676 0.0430109 24.3186 -0.712337 90.5366
0.812616 0.00361502 0.0496017 25.1312 -0.708722 90.5862
0.809825 0.00241941 0.0683399 25.941 -0.706302 90.6545
0.812267 0.014878 0.0434152 26.7533 -0.691424 90.6979
0.810667 0.00383755 0.0433866 27.564 -0.687587 90.7413
0.812907 0.00141291 0.0373108 28.3769 -0.686174 90.7786
0.812049 -0.020275 0.0365272 29.1889 -0.706449 90.8152
0.806677 -0.0289183 0.0356968 29.9956 -0.735367 90.8509
0.802436 -0.00303851 0.0149553 30.798 -0.738405 90.8658
0.801457 0.00934854 0.0251011 31.5995 -0.729057 90.8909
0.797666 -0.0188958 0.0225025 32.3972 -0.747953 90.9134
0.792639 -0.0123746 0.0103576 33.1898 -0.760327 90.9238
0.792132 -0.0144485 0.0189212 33.9819 -0.774776 90.9427
0.787178 -0.00668413 -0.0170814 34.7691 -0.78146 90.9256
0.779865 -0.003966 -0.0273643 35.549 -0.785426 90.8983
0.775322 -0.0113409 -0.0410368 36.3243 -0.796767 90.8572
0.768344 0.00907162 -0.0456432 37.0926 -0.787695 90.8116
0.757854 -0.0134277 -0.0774395 37.8505 -0.801123 90.7341
0.753062 -0.00396174 -0.0531174 38.6036 -0.805085 90.681
0.746351 -0.00686496 -0.0404774 39.3499 -0.81195 90.6405
0.739448 -0.00049241 -0.0401329 40.0894 -0.812442 90.6004
0.730478 -0.00425838 -0.05979 40.8198 -0.8167 90.5406
0.720716 0.00833077 -0.0689338 41.5406 -0.80837 90.4717
0.710514 -0.0106451 -0.104432 42.2511 -0.819015 90.3673
0.700097 -0.00937396 -0.0923651 42.9512 -0.828389 90.2749
0.684401 0.000479302 -0.0956254 43.6356 -0.827909 90.1793
0.672848 0.00451865 -0.0816001 44.3084 -0.823391 90.0977
0.656751 0.0129641 -0.0624111 44.9652 -0.810427 90.0353
0.638319 -0.00916724 -0.080172 45.6035 -0.819594 89.9551
0.619215 -0.00215547 -0.0798776 46.2227 -0.821749 89.8752
0.600123 -0.0136288 -0.0752743 46.8228 -0.835378 89.7999
0.584168 0.0103757 -0.0305888 47.407 -0.825003 89.7693
0.563096 -0.00116702 -0.0387626 47.9701 -0.82617 89.7306
0.543694 -0.00185514 -0.00977586 48.5138 -0.828025 89.7208
0.535567 -0.0114049 -0.00988138 49.0493 -0.83943 89.7109
0.528043 0.00384957 -0.00939209 49.5774 -0.83558 89.7015
0.523783 0.00388582 0.0117139 50.1012 -0.831694 89.7132
0.522788 -0.00244164 0.0501255 50.624 -0.834136 89.7634
0.517079 0.0100417 0.0714133 51.141 -0.824094 89.8348
0.508525 0.00820579 0.0749558 51.6496 -0.815888 89.9097
0.494063 -0.00371007 0.142241 52.1436 -0.819598 90.052
0.504643 -0.00718718 0.109762 52.6483 -0.826786 90.1617
0.467575 0.00303466 0.169497 53.1158 -0.823751 90.3312
0.468525 0.00587634 0.17225 53.5844 -0.817875 90.5035
0.429014 0.00263382 0.245034 54.0134 -0.815241 90.7485
0.408611 -0.0112505 0.223425 54.422 -0.826491 90.9719
0.37968 -0.0163137 0.293397 54.8017 -0.842805 91.2653
0.389946 -0.0162297 0.235474 55.1916 -0.859035 91.5008
0.337619 -0.00612559 0.337582 55.5292 -0.86516 91.8384
0.328422 0.00959529 0.344676 55.8577 -0.855565 92.1831
0.292235 0.00666047 0.34528 56.1499 -0.848905 92.5284
0.270276 0.00632687 0.39356 56.4202 -0.842578 92.9219
0.24936 -0.00900014 0.407665 56.6695 -0.851578 93.3296
0.217271 0.00263169 0.402165 56.8868 -0.848946 93.7317
0.219354 0.00547655 0.428302 57.1062 -0.84347 94.16
0.18768 0.00909914 0.444158 57.2938 -0.83437 94.6042
0.182701 0.013663 0.432879 57.4765 -0.820707 95.0371
0.146057 0.00521324 0.4686 57.6226 -0.815494 95.5057
0.128652 0.0143302 0.461533 57.7513 -0.801164 95.9672
0.135124 0.0167723 0.472407 57.8864 -0.784392 96.4396
0.152644 0.0128553 0.468014 58.039 -0.771536 96.9076
0.139754 0.0100379 0.475874 58.1788 -0.761499 97.3835
0.124849 0.0115681 0.491587 58.3036 -0.74993 97.8751
0.148241 0.0332235 0.495454 58.4519 -0.716707 98.3706
0.112715 0.0051929 0.513426 58.5646 -0.711514 98.884
0.126949 0.0101127 0.520705 58.6915 -0.701401 99.4047
0.132379 0.0105901 0.529445 58.8239 -0.690811 99.9341
0.118129 -0.018526 0.543531 58.942 -0.709337 100.478
0.13147 0.0114333 0.548973 59.0735 -0.697904 101.027
0.150977 0.0279481 0.555749 59.2245 -0.669956 101.582
0.187354 -0.00565932 0.567531 59.4118 -0.675615 102.15
0.174618 -0.000637235 0.583291 59.5865 -0.676252 102.733
0.167035 -0.00425287 0.600604 59.7535 -0.680505 103.334
0.176984 9.39969e-05 0.608296 59.9305 -0.680411 103.942
0.177593 0.0224437 0.621451 60.1081 -0.657968 104.564
0.219438 -0.0047471 0.614809 60.3275 -0.662715 105.178
0.195756 0.00986562 0.632155 60.5233 -0.652849 105.811
0.18469 0.00372489 0.639948 60.708 -0.649124 106.45
0.185055 0.00762491 0.653015 60.893 -0.641499 107.103
0.186262 0.0016132 0.667443 61.0793 -0.639886 107.771
0.196013 0.0112122 0.68605 61.2753 -0.628674 108.457
0.180441 -0.00107537 0.707168 61.4557 -0.629749 109.164
0.219571 0.00649789 0.706206 61.6753 -0.623251 109.87
0.186631 0.00437067 0.719461 61.8619 -0.618881 110.59
0.185916 0.00617889 0.725586 62.0478 -0.612702 111.315
0.205916 0.0119342 0.732787 62.2538 -0.600768 112.048
0.216116 0.0068743 0.742946 62.4699 -0.593893 112.791
0.207002 0.0143093 0.761703 62.6769 -0.579584 113.553
0.234506 0.0144655 0.762634 62.9114 -0.565118 114.315
0.204961 0.00529236 0.785519 63.1163 -0.559826 115.101
0.208349 0.00556664 0.804025 63.3247 -0.554259 115.905
0.216692 0.0169368 0.802327 63.5414 -0.537323 116.707
0.184669 0.0247947 0.819482 63.7261 -0.512528 117.527
0.250372 0.0111029 0.800822 63.9764 -0.501425 118.328
0.21662 0.0191028 0.815428 64.193 -0.482322 119.143
0.1966 0.0119412 0.826016 64.3896 -0.470381 119.969
0.165548 0.00579942 0.840241 64.5552 -0.464582 120.809
0.245316 -0.0127616 0.825757 64.8005 -0.477343 121.635
0.18525 0.00927446 0.841386 64.9858 -0.468069 122.476
0.252017 -0.00908224 0.826276 65.2378 -0.477151 123.303
0.264802 -0.00136969 0.839233 65.5026 -0.478521 124.142
0.243775 -0.00614029 0.838533 65.7464 -0.484661 124.981
0.225391 -0.00851491 0.84177 65.9717 -0.493176 125.822
0.232096 0.00156382 0.842804 66.2038 -0.491612 126.665
0.182563 0.00422113 0.855693 66.3864 -0.487391 127.521
0.241829 0.00206962 0.835379 66.6282 -0.485321 128.356
0.238787 -0.0119112 0.812734 66.867 -0.497233 129.169
0.228175 -0.00596231 0.80539 67.0952 -0.503195 129.974
0.239299 -0.00646022 0.803973 67.3345 -0.509655 130.778
0.2251 0.0066984 0.823283 67.5596 -0.502957 131.602
0.227706 -0.00564484 0.839579 67.7873 -0.508602 132.441
0.23082 0.00229877 0.830163 68.0181 -0.506303 133.271
0.212119 0.0245525 0.805184 68.2302 -0.48175 134.076
0.217703 0.0157855 0.790113 68.4479 -0.465965 134.867
0.226178 0.0143579 0.791771 68.6741 -0.451607 135.658
0.249041 -0.00741098 0.791774 68.9232 -0.459018 136.45
0.193319 0.000621524 0.810046 69.1165 -0.458396 137.26
0.209533 -0.00506589 0.794912 69.326 -0.463462 138.055
0.183134 -0.00147589 0.796804 69.5091 -0.464938 138.852
0.233362 -0.0156295 0.798763 69.7425 -0.480568 139.651
0.185894 -0.00419453 0.780725 69.9284 -0.484762 140.431
0.192843 -0.00492327 0.797269 70.1212 -0.489686 141.229
0.189086 0.000101665 0.797703 70.3103 -0.489584 142.026
0.197777 -0.00435558 0.789346 70.5081 -0.493939 142.816
0.175644 0.00294144 0.790956 70.6838 -0.490998 143.607
0.164285 0.0107105 0.785774 70.848 -0.480287 144.392
0.216604 0.00770845 0.781179 71.0646 -0.472579 145.174
0.167816 -0.00599974 0.798611 71.2325 -0.478579 145.972
0.185774 -0.00207609 0.797234 71.4182 -0.480655 146.769
0.138586 0.00721498 0.805617 71.5568 -0.47344 147.575
0.140753 0.00681505 0.798983 71.6976 -0.466625 148.374
0.0973277 0.00341218 0.796062 71.7949 -0.463213 149.17
0.174509 0.00618826 0.778184 71.9694 -0.457024 149.948
0.156973 0.0295473 0.789568 72.1264 -0.427477 150.738
0.161553 0.0175445 0.79957 72.2879 -0.409933 151.537
0.109167 0.00955943 0.814916 72.3971 -0.400373 152.352
0.142422 0.00821345 0.805386 72.5395 -0.39216 153.158
0.138875 -0.00563417 0.8007 72.6784 -0.397794 153.958
0.114474 -0.00733187 0.807897 72.7929 -0.405126 154.766
0.0937532 0.00662297 0.81748 72.8866 -0.398503 155.584
0.0748599 0.00825271 0.825005 72.9615 -0.39025 156.409
0.0910251 -0.00304714 0.825949 73.0525 -0.393297 157.235
0.0928413 0.00336977 0.820065 73.1453 -0.389927 158.055
0.0774239 -1.4443e-05 0.820241 73.2228 -0.389942 158.875
0.117113 0.00820545 0.81557 73.3399 -0.381736 159.691
0.0634317 -0.000531856 0.817982 73.4033 -0.382268 160.509
0.0694564 -0.00351925 0.81592 73.4728 -0.385788 161.325
0.0713608 -0.00842968 0.814545 73.5441 -0.394217 162.139
0.0755564 -0.00116661 0.831969 73.6197 -0.395384 162.971
0.0531938 -0.000613717 0.838662 73.6729 -0.395998 163.81
0.0544325 0.000743073 0.834384 73.7273 -0.395254 164.644
0.0873854 0.00168612 0.819273 73.8147 -0.393568 165.463
0.0456074 -0.000549371 0.81427 73.8603 -0.394118 166.278
0.0624737 0.0128417 0.815942 73.9228 -0.381276 167.094
0.061485 0.00565934 0.825683 73.9843 -0.375617 167.919
0.050786 -0.0240677 0.832965 74.0351 -0.399684 168.752
0.061767 -0.00596884 0.834181 74.0968 -0.405653 169.586
0.116301 0.0100714 0.832935 74.2131 -0.395582 170.419
0.0378004 0.0350283 0.841573 74.2509 -0.360554 171.261
0.0286282 0.0136408 0.836258 74.2795 -0.346913 172.097
0.0238323 0.00183538 0.828879 74.3034 -0.345077 172.926
0.00235171 -0.00473446 0.832504 74.3057 -0.349812 173.759
0.0160728 0.000443417 0.852762 74.3218 -0.349368 174.611
-0.0287514 0.00863877 0.860162 74.2931 -0.34073 175.471
-0.0210626 0.00460168 0.855905 74.272 -0.336128 176.327
-0.0288381 0.00248412 0.844722 74.2432 -0.333644 177.172
-0.00746008 -0.00716333 0.838328 74.2357 -0.340807 178.01
-0.0441854 0.0153386 0.838209 74.1915 -0.325469 178.849
-0.00102369 -0.0335914 0.847042 74.1905 -0.35906 179.696
-0.0134661 -0.017298 0.858293 74.177 -0.376358 180.554
-0.0185868 0.000373122 0.862899 74.1584 -0.375985 181.417
-0.0327131 0.000357498 0.864059 74.1257 -0.375627 182.281
-0.00239942 -0.00768565 0.856642 74.1233 -0.383313 183.138
-0.0277218 -0.0102156 0.849581 74.0956 -0.393529 183.987
-0.020075 -0.00299476 0.845521 74.0755 -0.396523 184.833
-0.0266185 -0.0181844 0.84858 74.0489 -0.414708 185.681
-0.0124416 0.00469102 0.862168 74.0365 -0.410017 186.543
-1.67684e-05 -0.00665585 0.864335 74.0364 -0.416673 187.408
-0.0209787 -0.00813252 0.850562 74.0155 -0.424805 188.258
-0.0491754 0.0130843 0.838514 73.9663 -0.411721 189.097
-0.028866 0.00585497 0.837068 73.9374 -0.405866 189.934
-0.0381749 0.000868021 0.840223 73.8993 -0.404998 190.774
-0.0276388 -0.00944069 0.842803 73.8716 -0.414438 191.617
-0.020705 -0.00470435 0.839533 73.8509 -0.419143 192.456
-0.0093681 0.0080486 0.837182 73.8415 -0.411094 193.294
-0.0237027 -0.000243068 0.83389 73.8178 -0.411337 194.128
-0.0363791 -0.0039232 0.824938 73.7815 -0.415261 194.952
-0.0133743 0.00628705 0.815073 73.7681 -0.408973 195.768
-0.0339209 0.00532241 0.815183 73.7342 -0.403651 196.583
-0.0152049 0.0110711 0.707143 73.719 -0.39258 197.29
-0.00919436 -0.0103926 0.70816 73.7098 -0.402973 197.998
-0.0333973 -0.0017608 0.707105 73.6764 -0.404733 198.705
0.00996254 -2.53492e-05 0.707925 73.6863 -0.404759 199.413
-0.0108431 0.0100628 0.707742 73.6755 -0.394696 200.121
-0.0243755 0.00237992 0.707171 73.6511 -0.392316 200.828
-0.011445 -0.016063 0.70692 73.6397 -0.408379 201.535
-0.0127664 -0.00246759 0.708779 73.6269 -0.410847 202.244
-0.0121045 0.00166496 0.70729 73.6148 -0.409182 202.951
-0.0117073 -0.015074 0.708041 73.6031 -0.424256 203.659
-0.0221567 -0.00426695 0.707438 73.5809 -0.428523 204.366
0.0140756 -0.0128562 0.706739 73.595 -0.441379 205.073
-0.0107811 0.00645674 0.707888 73.5842 -0.434922 205.781
-0.0165445 -0.00913996 0.706944 73.5677 -0.444062 206.488
0.0326749 3.36334e-05 0.707245 73.6004 -0.444028 207.195
0.0210222 -0.0025651 0.712756 73.6214 -0.446593 207.908
0.0125872 -0.00635134 0.648498 73.634 -0.452945 208.557
0.0412321 -0.00617017 0.646852 73.6752 -0.459115 209.203
0.02335 -0.0202955 0.646855 73.6985 -0.479411 209.85
-0.00985043 -0.0201323 0.635956 73.6887 -0.499543 210.486
0.0664669 0.00538306 0.635141 73.7552 -0.49416 211.121
0.00921583 -0.013239 0.635983 73.7644 -0.507399 211.757
0.0546508 0.00436219 0.643973 73.819 -0.503037 212.401
0.00643134 -0.00255158 0.648784 73.8255 -0.505588 213.05
0.0365433 0.00640264 0.656492 73.862 -0.499185 213.707
0.00865197 0.00484561 0.650711 73.8707 -0.49434 214.357
0.0419487 -0.00806475 0.64928 73.9126 -0.502405 215.007
0.0472792 -0.0057852 0.652243 73.9599 -0.50819 215.659
0.0395392 -0.00437957 0.659789 73.9994 -0.512569 216.319
0.04715 0.00275964 0.674629 74.0466 -0.50981 216.993
-0.00122429 0.0121036 0.686167 74.0453 -0.497706 217.679
0.0159329 -0.00631233 0.692116 74.0613 -0.504018 218.372
0.0333155 -0.00360944 0.692938 74.0946 -0.507628 219.064
0.0509333 0.00923493 0.680169 74.1455 -0.498393 219.745
0.0107416 0.00268091 0.67154 74.1563 -0.495712 220.416
0.018883 0.00967972 0.653378 74.1752 -0.486032 221.07
0.0306187 0.0120326 0.654357 74.2058 -0.474 221.724
-9.84039e-05 0.00412408 0.681326 74.2057 -0.469876 222.405
0.0241911 0.00887455 0.686287 74.2299 -0.461001 223.091
0.0182252 -0.00340977 0.68114 74.2481 -0.464411 223.773
0.0202222 0.0102675 0.681834 74.2683 -0.454143 224.454
0.0225104 0.00845728 0.674482 74.2908 -0.445686 225.129
0.0280627 -0.00563636 0.685482 74.3189 -0.451322 225.814
0.00942121 0.00379831 0.686255 74.3283 -0.447524 226.501
0.00357489 -0.00150573 0.691133 74.3319 -0.44903 227.192
0.0171815 0.00319188 0.683729 74.3491 -0.445838 227.876
0.00785026 -0.00101768 0.681705 74.3569 -0.446856 228.557
0.00797765 0.00148402 0.671722 74.3649 -0.445372 229.229
0.0134302 0.00778122 0.667211 74.3783 -0.43759 229.896
0.0127886 -0.00216936 0.662168 74.3911 -0.43976 230.558
-0.000673262 0.00676632 0.658782 74.3904 -0.432993 231.217
0.0414329 -0.0122096 0.656099 74.4319 -0.445203 231.873
0.0163427 -0.00387459 0.649707 74.4482 -0.449078 232.523
0.0264066 -0.00706171 0.622251 74.4746 -0.456139 233.145
0.00692163 -0.00147096 0.610017 74.4815 -0.45761 233.755
0.0202707 -0.00344976 0.597651 74.5018 -0.46106 234.353
-0.00924867 -0.0106903 0.570612 74.4926 -0.47175 234.923
0.0335094 -0.0013862 0.547064 74.5261 -0.473137 235.471
0.00119217 0.0058884 0.53168 74.5273 -0.467248 236.002
-0.0141581 -0.00289583 0.522011 74.5131 -0.470144 236.524
-0.015779 0.0060987 0.51651 74.4973 -0.464045 237.041
-0.0447691 -0.0133276 0.507046 74.4526 -0.477373 237.548
-0.0960023 0.000850281 0.503087 74.3566 -0.476523 238.051
-0.0633606 -0.00229771 0.504015 74.2932 -0.47882 238.555
-0.10339 -0.0113759 0.480033 74.1898 -0.490196 239.035
-0.107083 -0.0221344 0.480049 74.0827 -0.512331 239.515
-0.0943394 0.00248005 0.456549 73.9884 -0.509851 239.972
-0.104949 0.00308201 0.466819 73.8834 -0.506769 240.438
-0.165355 -0.00463566 0.446316 73.7181 -0.511404 240.885
-0.241405 0.0101518 0.377932 73.4767 -0.501252 241.263
-0.228851 0.00194549 0.39941 73.2478 -0.499307 241.662
-0.255273 0.00368715 0.377656 72.9926 -0.49562 242.04
-0.261 0.0129082 0.337049 72.7316 -0.482712 242.377
-0.304992 0.0373044 0.316265 72.4266 -0.445407 242.693
-0.284017 0.0237846 0.339164 72.1425 -0.421623 243.032
-0.319678 0.0178172 0.279829 71.8229 -0.403805 243.312
-0.343898 0.010362 0.269835 71.479 -0.393443 243.582
-0.361861 0.0271742 0.227635 71.1171 -0.366269 243.809
-0.343079 0.0243557 0.223687 70.774 -0.341914 244.033
-0.384787 0.0376849 0.155054 70.3892 -0.304229 244.188
-0.35014 0.0235276 0.213601 70.0391 -0.280701 244.402
-0.360229 0.041125 0.17312 69.6789 -0.239576 244.575
-0.383411 0.0316396 0.145632 69.2955 -0.207936 244.721
-0.40826 0.0134347 0.107366 68.8872 -0.194502 244.828
-0.421384 0.0376762 0.110857 68.4658 -0.156826 244.939
-0.447161 0.00710966 0.0560698 68.0187 -0.149716 244.995
-0.455773 0.026327 0.0934715 67.5629 -0.123389 245.088
-0.46381 0.0411386 0.0653528 67.0991 -0.0822503 245.154
-0.477886 0.0339383 0.0638725 66.6212 -0.0483121 245.218
-0.49628 0.0222818 0.0361426 66.1249 -0.0260303 245.254
-0.497351 0.0482873 0.0444216 65.6276 0.0222571 245.298
-0.513931 0.0347495 -0.00471658 65.1136 0.0570065 245.293
-0.523469 0.050076 0.0253034 64.5902 0.107083 245.319
-0.534585 0.0527846 0.0105679 64.0556 0.159867 245.329
-0.549365 0.0483531 0.0116405 63.5062 0.20822 245.341
-0.563585 0.0476834 0.002566 62.9426 0.255904 245.343
-0.5778 0.0502248 -0.016422 62.3648 0.306129 245.327
-0.595355 0.0541651 0.00175441 61.7695 0.360294 245.329
-0.61322 0.0596508 -0.00838155 61.1562 0.419944 245.32
-0.631353 0.0520695 0.0336866 60.5249 0.472014 245.354
-0.65178 0.063134 0.0299872 59.8731 0.535148 245.384
-0.670984 0.0636556 -0.0118583 59.2021 0.598803 245.372
-0.684081 0.0513735 0.00350794 58.518 0.650177 245.376
-0.690277 0.0603006 -0.00276576 57.8278 0.710478 245.373
-0.709088 0.0697183 -0.0102094 57.1187 0.780196 245.363
-0.73962 0.0606255 -0.00491565 56.3791 0.840821 245.358
-0.756046 0.0720503 -0.0121928 55.623 0.912872 245.346
-0.785807 0.0584485 -0.0130024 54.8372 0.97132 245.333
-0.795924 0.0912242 0.0251259 54.0413 1.06254 245.358
-0.80771 0.0848811 0.00215721 53.2336 1.14743 245.36
-0.832305 0.072429 0.00776375 52.4013 1.21985 245.368
-0.840587 0.0754278 0.0371615 51.5607 1.29528 245.405
-0.864004 0.0818728 0.0338015 50.6967 1.37716 245.439
-0.862913 0.0826776 -0.0030496 49.8338 1.45983 245.436
-0.867062 0.067554 0.022439 48.9667 1.52739 245.458
-0.860784 0.0474312 0.0174109 48.1059 1.57482 245.475
-0.862142 0.0430256 -0.0219994 47.2438 1.61784 245.453
-0.863812 0.0785013 0.0453262 46.38 1.69634 245.499
-0.876403 0.0623281 0.0119332 45.5036 1.75867 245.511
-0.867466 0.0698635 -0.00647728 44.6361 1.82854 245.504
-0.870134 0.0440855 0.0305323 43.766 1.87262 245.535
-0.86896 0.082801 0.0483519 42.897 1.95542 245.583
-0.875794 0.0465278 0.0103302 42.0212 2.00195 245.593
-0.866435 0.0417537 -0.0512691 41.1548 2.0437 245.542
-0.870929 0.0545975 -0.00895529 40.2838 2.0983 245.533
-0.868383 0.0453185 -0.0225964 39.4155 2.14362 245.511
-0.885911 0.062003 -0.0324615 38.5295 2.20562 245.478
-0.869061 0.0467888 -0.0518273 37.6605 2.25241 245.426
-0.879705 0.0693524 -0.0212059 36.7808 2.32176 245.405
-0.872247 0.0662517 -0.0137508 35.9085 2.38802 245.391
-0.867507 0.0584891 -0.0130438 35.041 2.44651 245.378
-0.862691 0.071593 -0.0191489 34.1783 2.5181 245.359
-0.860505 0.0664533 -0.0375572 33.3178 2.58455 245.322
-0.858031 0.0558124 -0.0518129 32.4598 2.64036 245.27
-0.847948 0.0664282 -0.0213385 31.6119 2.70679 245.248
-0.850877 0.0522391 0.0144532 30.761 2.75903 245.263
-0.839462 0.0361266 0.0188697 29.9215 2.79516 245.282
-0.843166 0.0469467 8.1086e-05 29.0783 2.8421 245.282
-0.83018 0.067446 -0.0471664 28.2482 2.90955 245.235
-0.835025 0.0579776 0.0296932 27.4131 2.96753 245.264
-0.828971 0.0458587 -0.0064938 26.5842 3.01339 245.258
-0.826075 0.0286549 0.0283213 25.7581 3.04204 245.286
-0.819231 0.0395636 0.000632849 24.9389 3.08161 245.287
-0.811298 0.0320623 0.0144605 24.1276 3.11367 245.301
-0.809481 0.0338232 -0.0180493 23.3181 3.14749 245.283
-0.804858 0.0541088 -0.0258368 22.5132 3.2016 245.257
-0.809265 0.0385619 -0.029334 21.704 3.24016 245.228
-0.801486 0.0531122 -0.0173624 20.9025 3.29327 245.211
-0.800841 0.0480741 -0.00614009 20.1016 3.34135 245.205
-0.795303 0.0472218 -0.0203896 19.3063 3.38857 245.184
-0.787283 0.0481808 -0.0410583 18.5191 3.43675 245.143
-0.782496 0.0496179 -0.0400409 17.7366 3.48637 245.103
-0.767889 0.0520479 -0.0952616 16.9687 3.53842 245.008
-0.762402 0.0476743 -0.0609455 16.2063 3.58609 244.947
-0.751771 0.0592724 -0.0446657 15.4545 3.64536 244.902
-0.741747 0.0721 -0.0497917 14.7127 3.71746 244.852
-0.727992 0.0588961 -0.0347435 13.9848 3.77636 244.818
-0.71086 0.0645908 -0.0282251 13.2739 3.84095 244.789
-0.695014 0.0630366 -0.0407814 12.5789 3.90399 244.749
-0.6798 0.0481968 -0.0691348 11.8991 3.95218 244.68
-0.665327 0.0673791 -0.053152 11.2338 4.01956 244.626
-0.651282 0.080437 0.0511295 10.5825 4.1 244.678
-0.635636 0.0665427 -0.0136116 9.94684 4.16654 244.664
-0.624205 0.0634921 -0.0115317 9.32263 4.23003 244.652
-0.607793 0.062623 0.0145356 8.71484 4.29266 244.667
-0.595678 0.0614532 0.00128426 8.11916 4.35411 244.668
-0.581115 0.0551604 -0.00870398 7.53804 4.40927 244.66
-0.565294 0.0501357 0.0065405 6.97275 4.45941 244.666
-0.545895 0.0516397 -0.0103905 6.42685 4.51105 244.656
-0.525877 0.0538065 0.0230154 5.90098 4.56485 244.679
-0.513347 0.0381008 0.0197723 5.38763 4.60295 244.698
-0.492528 0.0536393 -0.0178421 4.8951 4.65659 244.681
-0.479207 0.0341448 0.00298471 4.4159 4.69074 244.684
-0.461306 0.0398708 0.0113488 3.95459 4.73061 244.695
-0.447635 0.0415126 0.0273358 3.50695 4.77212 244.722
-0.428457 0.0377617 0.0046242 3.0785 4.80988 244.727
-0.409495 0.0462476 0.0237075 2.669 4.85613 244.751
-0.377259 0.0316028 0.12233 2.29174 4.88773 244.873
-0.376129 0.0322867 0.0178842 1.91561 4.92002 244.891
-0.357207 0.0291634 0.0174169 1.55841 4.94918 244.908
-0.329788 0.0569134 0.0826392 1.22862 5.0061 244.991
-0.324084 0.0171232 0.0139664 0.904536 5.02322 245.005
-0.292321 0.0289579 0.0662518 0.612214 5.05218 245.071
-0.27684 0.0247045 0.0316273 0.335375 5.07688 245.103
-0.251688 0.0173662 0.0141087 0.0836866 5.09425 245.117
-0.183061 0.0160345 0.135254 -0.0993739 5.11028 245.252
-0.193713 0.00991714 0.0166765 -0.293087 5.1202 245.269
-0.168801 0.0125373 0.0216064 -0.461889 5.13274 245.29
-0.145775 0.020131 0.0160387 -0.607664 5.15287 245.306
-0.116698 0.00180792 -0.0271317 -0.724361 5.15468 245.279
-0.116698 0.00180792 -0.0271317 -0.724361 5.15468 245.279
-0.116698 0.00180792 -0.0271317 -0.724361 5.15468 245.279
-0.116698 0.00180792 -0.0271317 -0.724361 5.15468 245.279
-0.116698 0.00180792 -0.0271317 -0.724361 5.15468 245.279
-0.116698 0.00180792 -0.0271317 -0.724361 5.15468 245.279
-0.116698 0.00180792 -0.0271317 -0.724361 5.15468 245.279
-0.116698 0.00180792 -0.0271317 -0.724361 5.15468 245.279
-0.116698 0.00180792 -0.0271317 -0.724361 5.15468 245.279
-0.116698 0.00180792 -0.0271317 -0.724361 5.15468 245.279
-0.116698 0.00180792 -0.0271317 -0.724361 5.15468 245.279
-0.116698 0.00180792 -0.0271317 -0.724361 5.15468 245.279
-0.116698 0.00180792 -0.0271317 -0.724361 5.15468 245.279
-0.116698 0.00180792 -0.0271317 -0.724361 5.15468 245.279
-0.116698 0.00180792 -0.0271317 -0.724361 5.15468 245.279
-0.116698 0.00180792 -0.0271317 -0.724361 5.15468 245.279
-0.116698 0.00180792 -0.0271317 -0.724361 5.15468 245.279
-0.116698 0.00180792 -0.0271317 -0.724361 5.15468 245.279
-0.116698 0.00180792 -0.0271317 -0.724361 5.15468 245.279
-0.116698 0.00180792 -0.0271317 -0.724361 5.15468 245.279
-0.116698 0.00180792 -0.0271317 -0.724361 5.15468 245.279
-0.116698 0.00180792 -0.0271317 -0.724361 5.15468 245.279
-0.116698 0.00180792 -0.0271317 -0.724361 5.15468 245.279
-0.116698 0.00180792 -0.0271317 -0.724361 5.15468 245.279
-0.116698 0.00180792 -0.0271317 -0.724361 5.15468 245.279
-0.116698 0.00180792 -0.0271317 -0.724361 5.15468 245.279
-0.116698 0.00180792 -0.0271317 -0.724361 5.15468 245.279
-0.112672 0.0226443 0.0330732 -0.837033 5.17732 245.312
-0.137518 0.0115655 0.0178973 -0.974551 5.18889 245.33
-0.156152 -0.000363467 0.0252803 -1.1307 5.18852 245.356
-0.176638 0.024206 -0.000335931 -1.30734 5.21273 245.355
-0.192982 0.0161412 0.021233 -1.50032 5.22887 245.376
-0.206414 0.0183174 0.0300471 -1.70674 5.24719 245.406
-0.217838 0.0221181 0.0474102 -1.92457 5.26931 245.454
-0.233609 0.0179978 0.0583483 -2.15818 5.2873 245.512
-0.244942 0.0279494 0.0597242 -2.40313 5.31525 245.572
-0.252128 0.0199464 0.0596638 -2.65525 5.3352 245.632
-0.254015 0.0240018 0.0778301 -2.90927 5.3592 245.709
-0.240979 0.0217865 0.145477 -3.15025 5.38099 245.855
-0.257598 0.0215733 0.139645 -3.40785 5.40256 245.995
-0.26183 -0.00853976 0.139363 -3.66968 5.39402 246.134
-0.271531 0.0241919 0.164963 -3.94121 5.41821 246.299
-0.271924 0.0199157 0.165092 -4.21313 5.43813 246.464
-0.291342 0.0475573 0.168388 -4.50447 5.48569 246.632
-0.294273 0.0139485 0.185402 -4.79875 5.49963 246.818
-0.265217 0.0206496 0.209562 -5.06396 5.52028 247.027
-0.265863 0.0289564 0.250089 -5.32983 5.54924 247.277
-0.235255 0.0384673 0.29158 -5.56508 5.58771 247.569
-0.232637 0.0142259 0.262516 -5.79772 5.60193 247.832
-0.245252 0.0248375 0.305572 -6.04297 5.62677 248.137
-0.199165 0.0214679 0.307061 -6.24214 5.64824 248.444
-0.219928 0.0418447 0.360443 -6.46206 5.69008 248.805
-0.198649 0.0315934 0.394676 -6.66071 5.72168 249.199
-0.148811 0.0423084 0.383189 -6.80952 5.76399 249.582
-0.139176 -0.00310172 0.454139 -6.9487 5.76088 250.037
-0.149597 0.0508111 0.459269 -7.0983 5.8117 250.496
-0.107201 0.0308153 0.451645 -7.2055 5.84251 250.948
-0.0923186 0.0391374 0.499343 -7.29782 5.88165 251.447
-0.0546198 0.0192692 0.50334 -7.35244 5.90092 251.95
-0.0786606 0.0443642 0.545633 -7.4311 5.94528 252.496
-0.0529003 0.0353857 0.56813 -7.484 5.98067 253.064
-0.0351139 0.0265382 0.571038 -7.51911 6.0072 253.635
-0.00731616 0.0363226 0.61148 -7.52643 6.04353 254.246
-0.0561364 0.0366392 0.605146 -7.58256 6.08017 254.852
-0.0260775 0.0358993 0.629473 -7.60864 6.11607 255.481
-0.0249938 0.0466252 0.650794 -7.63363 6.16269 256.132
-0.0268204 0.0539606 0.664728 -7.66046 6.21665 256.797
-0.0265227 0.0420617 0.679529 -7.68698 6.25871 257.476
0.0167672 0.0514975 0.696599 -7.67021 6.31021 258.173
0.0343483 0.0482935 0.711889 -7.63586 6.3585 258.885
-0.00263589 0.0531678 0.725952 -7.6385 6.41167 259.611
0.00958877 0.0487415 0.744922 -7.62891 6.46041 260.356
-0.0111099 0.0479662 0.763681 -7.64002 6.50838 261.119
0.00812487 0.0659803 0.780519 -7.63189 6.57436 261.9
-0.0234078 0.0703431 0.791695 -7.6553 6.6447 262.691
0.00746545 0.057847 0.806973 -7.64784 6.70255 263.498
-0.0378227 0.0553838 0.819983 -7.68566 6.75793 264.318
-0.0216543 0.0504795 0.829652 -7.70731 6.80841 265.148
0.0162192 0.0547278 0.848085 -7.69109 6.86314 265.996
-0.00693633 0.0456805 0.86404 -7.69803 6.90882 266.86
-0.0237815 0.0701803 0.881748 -7.72181 6.979 267.742
-0.0164124 0.0596976 0.892346 -7.73823 7.0387 268.634
0.000990305 0.0704619 0.904027 -7.73723 7.10916 269.538
0.054767 0.0836044 0.907191 -7.68247 7.19277 270.445
0.0194796 0.0893566 0.915129 -7.66299 7.28212 271.361
0.00958546 0.0833821 0.928279 -7.6534 7.3655 272.289
-0.0449676 0.0629718 0.941896 -7.69837 7.42848 273.231
-0.0160083 0.0574136 0.962682 -7.71438 7.48589 274.193
-0.017733 0.0534723 0.972871 -7.73211 7.53936 275.166
-0.0589386 0.0663836 0.984502 -7.79105 7.60575 276.151
-0.0445976 0.0548973 1.00254 -7.83565 7.66064 277.153
-0.00911401 0.0845574 1.00615 -7.84476 7.7452 278.16
-0.035056 0.0657642 1.00558 -7.87982 7.81097 279.165
-0.0428867 0.0777527 1.01021 -7.9227 7.88872 280.175
-0.0234414 0.0561909 1.01908 -7.94615 7.94491 281.194
-0.0126377 0.0660074 1.03088 -7.95878 8.01092 282.225
-0.0538989 0.0469477 1.03618 -8.01268 8.05786 283.261
-0.0315195 0.0618319 1.0469 -8.0442 8.1197 284.308
-0.0168738 0.0461844 1.05271 -8.06108 8.16588 285.361
0.0239826 0.0704979 1.04997 -8.03709 8.23638 286.411
-0.00173953 0.0648415 1.04776 -8.03883 8.30122 287.459
0.028158 0.0707065 1.05014 -8.01067 8.37193 288.509
-0.0594885 0.0648259 1.05596 -8.07016 8.43675 289.565
-0.0775873 0.068657 1.06076 -8.14775 8.50541 290.626
-0.0933175 0.0661165 1.06111 -8.24107 8.57153 291.687
-0.107819 0.110547 1.05596 -8.34889 8.68207 292.743
-0.0357732 0.0684635 1.05914 -8.38466 8.75054 293.802
0.00110644 0.0812807 1.05405 -8.38355 8.83182 294.856
-0.0294361 0.0724954 1.04683 -8.41299 8.90431 295.903
-0.028269 0.0707685 1.04362 -8.44126 8.97508 296.946
0.0290881 0.0527319 1.03835 -8.41217 9.02781 297.985
-0.0445784 0.0829346 1.0358 -8.45675 9.11075 299.02
-0.0958607 0.0558511 1.03127 -8.55261 9.1666 300.052
-0.0290395 0.0592666 1.03487 -8.58165 9.22587 301.087
-0.058296 0.0502734 1.03143 -8.63995 9.27614 302.118
-0.0147281 0.0664992 1.02645 -8.65467 9.34264 303.145
-0.0671064 0.0802343 1.02232 -8.72178 9.42287 304.167
-0.050922 0.0675891 1.02419 -8.7727 9.49046 305.191
-0.0443692 0.0660554 1.02829 -8.81707 9.55652 306.219
-0.0517973 0.052645 1.02713 -8.86887 9.60916 307.246
-0.0556338 0.0696534 1.01751 -8.9245 9.67881 308.264
-0.0792211 0.0688629 1.01652 -9.00372 9.74768 309.28
-0.0541052 0.0520001 1.02063 -9.05783 9.79968 310.301
-0.00338732 0.0475201 1.02185 -9.06122 9.8472 311.323
-0.00465938 0.0644298 1.02173 -9.06588 9.91163 312.345
-0.0200392 0.0851002 1.0196 -9.08591 9.99673 313.364
0.00564992 0.0453461 1.03076 -9.08026 10.0421 314.395
-0.032738 0.0677258 1.0278 -9.113 10.1098 315.423
-0.0904247 0.0628418 1.0267 -9.20343 10.1726 316.45
-0.0756787 0.0687068 1.03142 -9.27911 10.2413 317.481
-0.0709258 0.105877 1.0313 -9.35003 10.3472 318.512
-0.0129752 0.0571063 1.04458 -9.36301 10.4043 319.557
-0.03769 0.0726965 1.04605 -9.4007 10.477 320.603
-0.0189149 0.0659169 1.05224 -9.41961 10.5429 321.655
-0.0344711 0.0748035 1.05827 -9.45408 10.6177 322.713
-0.0447799 0.0821903 1.06004 -9.49886 10.6999 323.773
-0.0865805 0.103524 1.0544 -9.58544 10.8035 324.828
-0.0343224 0.0698555 1.07204 -9.61977 10.8733 325.9
-0.011855 0.0687029 1.07912 -9.63162 10.942 326.979
-0.035251 0.0743881 1.08094 -9.66687 11.0164 328.06
-0.0433414 0.0897918 1.08179 -9.71021 11.1062 329.142
-0.0186212 0.0581728 1.08297 -9.72883 11.1644 330.225
-0.0331594 0.0896333 1.0793 -9.76199 11.254 331.304
-0.0516085 0.0638641 1.07546 -9.8136 11.3179 332.379
0.0124083 0.0548396 1.07265 -9.80119 11.3727 333.452
-0.0250813 0.0599103 1.06936 -9.82628 11.4326 334.521
-0.0314146 0.0742939 1.06705 -9.85769 11.5069 335.589
-0.034676 0.0488428 1.06933 -9.89237 11.5558 336.658
-0.0406052 0.0685378 1.07028 -9.93297 11.6243 337.728
-0.0280866 0.0627648 1.07026 -9.96106 11.6871 338.798
0.00797247 0.0556346 1.06749 -9.95309 11.7427 339.866
-0.0320934 0.0650292 1.0555 -9.98518 11.8077 340.921
-0.00488608 0.0661535 1.05165 -9.99006 11.8739 341.973
-0.0517489 0.0631141 1.04982 -10.0418 11.937 343.023
-0.0467127 0.0619988 1.0356 -10.0885 11.999 344.058
-0.0564963 0.0618762 1.02798 -10.145 12.0609 345.086
-0.0127733 0.0637336 1.01777 -10.1578 12.1246 346.104
0.0021134 0.05979 1.01086 -10.1557 12.1844 347.115
-0.0427249 0.062976 0.999157 -10.1984 12.2474 348.114
-0.0631734 0.0624849 0.989897 -10.2616 12.3099 349.104
-0.064197 0.0664542 0.982144 -10.3258 12.3763 350.086
-0.00934339 0.0598748 0.97544 -10.3351 12.4362 351.062
-0.064264 0.0613812 0.95988 -10.3994 12.4976 352.022
-0.0555367 0.0613385 0.948982 -10.4549 12.5589 352.971
-0.0508671 0.059431 0.939693 -10.5058 12.6183 353.91
-0.0621856 0.0494947 0.927341 -10.568 12.6678 354.838
-0.0608399 0.0653328 0.914288 -10.6288 12.7332 355.752
-0.045547 0.0560249 0.895841 -10.6744 12.7892 356.648
-0.0404292 0.0552374 0.881057 -10.7148 12.8444 357.529
-0.0400685 0.0472729 0.868937 -10.7549 12.8917 358.398
0.00583381 0.0488767 0.85101 -10.749 12.9406 359.249
-0.0313878 0.0517921 0.83268 -10.7804 12.9924 360.081
0.020986 0.0622174 0.809261 -10.7594 13.0546 360.891
-0.0419894 0.0446124 0.786902 -10.8014 13.0992 361.678
-0.0317179 0.0520457 0.773363 -10.8331 13.1512 362.451
-0.0223496 0.0484164 0.743932 -10.8555 13.1997 363.195
-0.050582 0.0337196 0.721279 -10.9061 13.2334 363.916
-0.00247336 0.0535981 0.695912 -10.9085 13.287 364.612
-0.0271033 0.0403244 0.667989 -10.9356 13.3273 365.28
-0.0506493 0.0271692 0.643327 -10.9863 13.3545 365.923
0.00370951 0.0328102 0.625955 -10.9826 13.3873 366.549
0.0221099 0.0447253 0.604642 -10.9605 13.432 367.154
0.0175079 0.0432655 0.586653 -10.943 13.4753 367.741
-0.0232596 0.0253435 0.563139 -10.9662 13.5006 368.304
-0.0255621 0.00751948 0.541507 -10.9918 13.5081 368.845
-0.0388005 0.0231635 0.509674 -11.0306 13.5313 369.355
-0.0124863 0.00821953 0.491211 -11.0431 13.5395 369.846
-0.0574641 0.0323186 0.468345 -11.1005 13.5718 370.315
-0.0310245 0.0274525 0.459144 -11.1316 13.5993 370.774
-0.0766962 0.0194296 0.442982 -11.2083 13.6187 371.217
-0.140487 0.0297886 0.415072 -11.3487 13.6485 371.632
-0.0864371 0.0241442 0.43617 -11.4352 13.6726 372.068
-0.0731458 0.0307522 0.438725 -11.5083 13.7034 372.507
-0.138313 0.0335659 0.403731 -11.6466 13.737 372.91
-0.127608 0.0202155 0.424247 -11.7742 13.7572 373.335
-0.125477 0.0142712 0.425814 -11.8997 13.7715 373.76
-0.131502 0.0314566 0.386144 -12.0312 13.8029 374.147
-0.158978 0.0320263 0.404085 -12.1902 13.8349 374.551
-0.157179 0.038963 0.407445 -12.3474 13.8739 374.958
-0.185875 0.0290199 0.344812 -12.5333 13.9029 375.303
-0.223411 0.0387724 0.37095 -12.7567 13.9417 375.674
-0.266022 0.0379466 0.355606 -13.0227 13.9796 376.029
-0.242456 0.00801236 0.324994 -13.2651 13.9876 376.354
-0.296981 0.0293146 0.360964 -13.5621 14.017 376.715
-0.296531 0.0474263 0.369986 -13.8587 14.0644 377.085
-0.33694 0.0445171 0.268154 -14.1956 14.1089 377.354
-0.382315 0.0552941 0.306319 -14.5779 14.1642 377.66
-0.371007 0.0183469 0.264379 -14.9489 14.1825 377.924
-0.42642 0.0761778 0.251925 -15.3753 14.2587 378.176
-0.425831 0.0660233 0.271045 -15.8012 14.3247 378.447
-0.443555 0.041262 0.170943 -16.2447 14.366 378.618
-0.481333 0.0476537 0.185199 -16.7261 14.4137 378.803
-0.500328 0.0565123 0.130385 -17.2264 14.4702 378.934
-0.496078 0.0658998 0.104073 -17.7225 14.5361 379.038
-0.540175 0.0437154 0.0636563 -18.2626 14.5798 379.101
-0.555002 0.0563167 0.0382499 -18.8176 14.6361 379.14
-0.561931 0.0576087 -0.00613929 -19.3796 14.6937 379.134
-0.569695 0.0526025 -0.028188 -19.9493 14.7463 379.105
-0.573487 0.107604 -0.0118942 -20.5228 14.8539 379.093
-0.5935 0.0772467 -0.0684626 -21.1163 14.9312 379.025
-0.607696 0.065096 -0.0395536 -21.724 14.9963 378.985
-0.609446 0.102421 -0.0361275 -22.3334 15.0987 378.949
-0.614928 0.0538386 -0.0542808 -22.9483 15.1525 378.895
-0.608919 0.0955291 -0.0836775 -23.5572 15.2481 378.811
-0.617588 0.125171 -0.0602534 -24.1748 15.3732 378.751
-0.635304 0.129758 -0.070323 -24.8101 15.503 378.681
-0.660621 0.103449 -0.0638663 -25.4708 15.6064 378.617
-0.669537 0.141348 -0.0330581 -26.1403 15.7478 378.584
-0.677878 0.107232 -0.0814346 -26.8182 15.855 378.502
-0.689171 0.104105 -0.0882895 -27.5073 15.9591 378.414
-0.700124 0.120366 -0.071411 -28.2075 16.0795 378.343
-0.714303 0.114195 -0.0626922 -28.9218 16.1937 378.28
-0.728754 0.12 -0.0470089 -29.6505 16.3137 378.233
-0.740989 0.132865 -0.0519955 -30.3915 16.4465 378.181
-0.7618 0.134606 -0.0598818 -31.1533 16.5812 378.121
-0.7812 0.125228 -0.0477025 -31.9345 16.7064 378.073
-0.790361 0.136177 -0.0555118 -32.7249 16.8426 378.018
-0.809351 0.132092 -0.0533177 -33.5342 16.9746 377.965
-0.81728 0.157033 -0.0414957 -34.3515 17.1317 377.923
-0.840513 0.148419 -0.0475405 -35.192 17.2801 377.876
-0.859322 0.1608 -0.0450696 -36.0513 17.4409 377.831
-0.872317 0.146405 -0.0127801 -36.9237 17.5873 377.818
-0.877269 0.166181 -0.050356 -37.8009 17.7535 377.767
-0.884236 0.131455 -0.087444 -38.6852 17.8849 377.68
-0.888643 0.141107 -0.045422 -39.5738 18.026 377.635
-0.894148 0.144466 -0.0280061 -40.468 18.1705 377.607
-0.898726 0.151392 -0.0435464 -41.3667 18.3219 377.563
-0.906337 0.131621 -0.0562593 -42.273 18.4535 377.507
-0.910099 0.151925 -0.038707 -43.1831 18.6055 377.468
-0.913681 0.147969 -0.0267786 -44.0968 18.7534 377.441
-0.907273 0.156019 -0.00905097 -45.0041 18.9094 377.432
-0.906645 0.145189 -0.0436906 -45.9107 19.0546 377.388
-0.908221 0.142128 -0.0312119 -46.8189 19.1968 377.357
-0.901684 0.156708 -0.0175674 -47.7206 19.3535 377.34
-0.899472 0.157828 -0.0770089 -48.6201 19.5113 377.263
-0.897869 0.134798 -0.0243049 -49.518 19.6461 377.238
-0.898477 0.145219 -0.0576245 -50.4164 19.7913 377.181
-0.895024 0.167 -0.0257628 -51.3115 19.9583 377.155
-0.89464 0.159119 -0.0631809 -52.2061 20.1174 377.092
-0.893338 0.164761 -0.0971074 -53.0994 20.2822 376.995
-0.893723 0.144876 -0.0138863 -53.9932 20.4271 376.981
-0.892214 0.1388 -0.0618535 -54.8854 20.5659 376.919
-0.882513 0.157723 -0.0511307 -55.7679 20.7236 376.868
-0.878676 0.169007 -0.0751763 -56.6466 20.8926 376.793
-0.880626 0.157877 -0.0473699 -57.5272 21.0505 376.745
-0.880194 0.161041 -0.0666684 -58.4074 21.2115 376.679
-0.876554 0.162176 -0.117483 -59.2839 21.3737 376.561
-0.88376 0.142186 -0.0632372 -60.1677 21.5159 376.498
-0.875898 0.147617 -0.0344986 -61.0436 21.6635 376.463
-0.870086 0.166727 -0.0599584 -61.9137 21.8302 376.403
-0.876896 0.150183 -0.0182998 -62.7906 21.9804 376.385
-0.87145 0.170929 -0.0420281 -63.662 22.1513 376.343
-0.86993 0.167991 -0.06381 -64.532 22.3193 376.279
-0.866821 0.169816 -0.0235764 -65.3988 22.4891 376.256
-0.865383 0.173838 -0.0457189 -66.2642 22.663 376.21
-0.858988 0.168213 -0.0286166 -67.1232 22.8312 376.181
-0.856765 0.17933 0.00290945 -67.9799 23.0105 376.184
-0.857898 0.161831 -0.0239234 -68.8378 23.1724 376.16
-0.854487 0.160318 -0.0185327 -69.6923 23.3327 376.142
-0.851357 0.143835 -0.0633108 -70.5437 23.4765 376.079
-0.853278 0.159634 0.0334424 -71.3969 23.6361 376.112
-0.84988 0.170434 -0.00364973 -72.2468 23.8066 376.108
-0.852013 0.150138 0.0108304 -73.0988 23.9567 376.119
-0.84831 0.160427 0.0226495 -73.9471 24.1171 376.142
-0.840681 0.162466 0.0473628 -74.7878 24.2796 376.189
-0.825233 0.175709 0.077752 -75.6131 24.4553 376.267
-0.812194 0.158944 0.000939704 -76.4252 24.6143 376.268
-0.796847 0.144216 0.0145196 -77.2221 24.7585 376.282
-0.781288 0.138056 -0.0229075 -78.0034 24.8965 376.259
-0.747893 0.158573 0.0966871 -78.7513 25.0551 376.356
-0.742626 0.112532 -0.0185397 -79.4939 25.1676 376.338
-0.721359 0.105385 -0.00162638 -80.2153 25.273 376.336
-0.688653 0.142674 0.0780498 -80.9039 25.4157 376.414
-0.676039 0.0861189 -0.0658683 -81.58 25.5018 376.348
-0.648407 0.106676 -0.0103122 -82.2284 25.6085 376.338
-0.6253 0.0927361 -0.0324686 -82.8537 25.7012 376.305
-0.607847 0.0834458 -0.0320286 -83.4615 25.7847 376.273
-0.586633 0.092777 -0.0150037 -84.0481 25.8774 376.258
-0.589802 0.0892209 -0.0288039 -84.6379 25.9667 376.23
-0.586999 0.0890917 -0.0262619 -85.2249 26.0558 376.203
-0.582274 0.107893 -0.0339375 -85.8072 26.1637 376.169
-0.581905 0.0879462 -0.00218325 -86.3891 26.2516 376.167
-0.57614 0.102328 -0.00195692 -86.9653 26.3539 376.165
-0.568037 0.105224 -0.0517776 -87.5333 26.4592 376.113
-0.564527 0.0854258 -0.0952089 -88.0978 26.5446 376.018
-0.564487 0.0834681 -0.0982333 -88.6623 26.628 375.92
-0.562161 0.132136 -0.0384054 -89.2245 26.7602 375.882
-0.568685 0.137105 -0.0209689 -89.7932 26.8973 375.861
-0.58086 0.109566 -0.0148497 -90.374 27.0069 375.846
-0.580714 0.127056 -0.0498425 -90.9547 27.1339 375.796
-0.591619 0.113577 -0.061922 -91.5464 27.2475 375.734
-0.60203 0.0944232 -0.0496224 -92.1484 27.3419 375.684
-0.600155 0.106236 -0.0893383 -92.7485 27.4481 375.595
-0.610943 0.107542 -0.0579149 -93.3595 27.5557 375.537
-0.616319 0.11928 -0.0730029 -93.9758 27.675 375.464
-0.62598 0.122317 -0.0602722 -94.6018 27.7973 375.404
-0.64028 0.127995 -0.0513851 -95.2421 27.9253 375.352
-0.652703 0.127989 -0.0774368 -95.8948 28.0533 375.275
-0.664815 0.130278 -0.0357776 -96.5596 28.1835 375.239
-0.683448 0.129272 -0.110259 -97.243 28.3128 375.129
-0.692758 0.152472 -0.0947887 -97.9358 28.4653 375.034
-0.706189 0.131102 -0.0746924 -98.642 28.5964 374.96
-0.710991 0.135864 -0.0637522 -99.353 28.7323 374.896
-0.716393 0.146131 -0.0194821 -100.069 28.8784 374.876
-0.734123 0.17062 -0.072661 -100.803 29.049 374.804
-0.773443 0.169478 -0.0513742 -101.577 29.2185 374.752
-0.795595 0.175216 -0.0286646 -102.373 29.3937 374.724
-0.80048 0.160574 -0.0517841 -103.173 29.5543 374.672
-0.799416 0.157972 -0.0251991 -103.972 29.7122 374.647
-0.806214 0.14859 -0.087763 -104.779 29.8608 374.559
-0.822095 0.172799 -0.0930736 -105.601 30.0336 374.466
-0.852563 0.175286 -0.0605558 -106.453 30.2089 374.405
-0.87411 0.195616 -0.0562189 -107.327 30.4045 374.349
-0.874388 0.228762 -0.0617868 -108.202 30.6333 374.287
-0.886227 0.168705 -0.0425078 -109.088 30.802 374.245
-0.889836 0.199735 -0.0411888 -109.978 31.0017 374.204
-0.902934 0.208591 -0.0492701 -110.881 31.2103 374.154
-0.929673 0.211423 0.00723896 -111.81 31.4218 374.161
-0.91931 0.266765 0.181869 -112.73 31.6885 374.343
-0.953532 0.21963 0.00271743 -113.683 31.9081 374.346
-0.959289 0.1842 0.0152982 -114.643 32.0923 374.361
-0.95924 0.183648 -0.0217826 -115.602 32.276 374.34
-0.965251 0.191303 0.00906026 -116.567 32.4673 374.349
-0.966195 0.224528 0.0262822 -117.533 32.6918 374.375
-0.974175 0.204063 0.0129425 -118.507 32.8959 374.388
-0.970944 0.219127 0.0160317 -119.478 33.115 374.404
-0.980165 0.195248 -0.0120967 -120.459 33.3103 374.392
-0.983903 0.185343 -0.000697768 -121.442 33.4956 374.391
-0.979741 0.19568 -0.00894122 -122.422 33.6913 374.382
-0.968861 0.19505 0.0249563 -123.391 33.8863 374.407
-0.973793 0.157888 -0.00249603 -124.365 34.0442 374.405
-0.97166 0.186095 -0.0170986 -125.337 34.2303 374.388
-0.981069 0.161215 0.018632 -126.318 34.3915 374.406
-0.977156 0.179983 -0.0156166 -127.295 34.5715 374.391
-0.967091 0.175879 0.00355451 -128.262 34.7474 374.394
-0.95738 0.173078 -0.0344989 -129.219 34.9205 374.36
-0.952042 0.170708 -0.0599049 -130.171 35.0912 374.3
-0.957584 0.153021 -0.0561297 -131.129 35.2442 374.244
-0.949097 0.193084 -0.00505837 -132.078 35.4373 374.239
-0.951674 0.1896 -0.0273125 -133.03 35.6269 374.211
-0.955279 0.177781 -0.024534 -133.985 35.8047 374.187
-0.952361 0.172792 -0.0257343 -134.937 35.9775 374.161
-0.952228 0.174337 -0.046823 -135.889 36.1518 374.114
-0.941598 0.165774 -0.0764664 -136.831 36.3176 374.038
-0.935347 0.167881 -0.0395491 -137.766 36.4855 373.998
